"2003-2004 County to County Migration Inflow",,,,,,,,"Indiana Inflows"
"(Aggregate money amounts are in thousands of dollars)",,,,,,,,
,,,,,,,,
,,,,,,,,
"Migration into",,"Migration from",,,,Number,Number,Aggregate
Indiana,,,,,,of,of,adjusted
State,County,State,County,State,"State totals, county totals,",returns,exemptions,gross
"FIPS Code",,,,,"and county by county detail",,,income
18,000,96,000,IN,"Total Mig - US & For",145388,279849,5373220
18,000,97,000,IN,"Total Mig - US",142755,276414,5335939
18,000,97,001,IN,"Total Mig - US Same St",90542,171566,3253257
18,000,97,003,IN,"Total Mig - US Diff St",52213,104848,2082682
18,000,98,000,IN,"Total Mig - Foreign",2633,3435,37281
18,001,96,000,IN,"Adams County Tot Mig-US & For",485,960,14922
18,001,97,000,IN,"Adams County Tot Mig-US",485,960,14922
18,001,97,001,IN,"Adams County Tot Mig-Same St",323,645,10284
18,001,97,003,IN,"Adams County Tot Mig-Diff St",162,315,4639
18,001,18,001,IN,"Adams County Non-Migrants",11713,29651,497166
18,001,18,003,IN,"Allen County",114,221,3535
18,001,18,179,IN,"Wells County",64,140,2097
18,001,18,075,IN,"Jay County",47,93,1898
18,001,39,161,OH,"Van Wert County",23,35,1051
18,001,39,107,OH,"Mercer County",17,44,430
18,001,18,069,IN,"Huntington County",13,24,301
18,001,58,000,SS,"Other Flows - Same State",85,167,2452
18,001,59,000,DS,"Other Flows - Diff State",122,236,3158
18,003,96,000,IN,"Allen County Tot Mig-US & For",5398,10247,202556
18,003,97,000,IN,"Allen County Tot Mig-US",5362,10181,201629
18,003,97,001,IN,"Allen County Tot Mig-Same St",2721,4788,85708
18,003,97,003,IN,"Allen County Tot Mig-Diff St",2641,5393,115920
18,003,98,000,IN,"Allen County Tot Mig-Foreign",36,66,927
18,003,18,003,IN,"Allen County Non-Migrants",124904,281698,6355397
18,003,18,033,IN,"De Kalb County",299,525,8613
18,003,18,183,IN,"Whitley County",296,521,8489
18,003,18,113,IN,"Noble County",215,355,6144
18,003,18,069,IN,"Huntington County",203,339,7626
18,003,18,179,IN,"Wells County",173,319,4905
18,003,18,097,IN,"Marion County",172,280,5707
18,003,18,001,IN,"Adams County",154,262,4338
18,003,18,085,IN,"Kosciusko County",139,265,3975
18,003,18,151,IN,"Steuben County",135,215,4508
18,003,17,031,IL,"Cook County",94,177,3269
18,003,18,141,IN,"St Joseph County",86,179,3167
18,003,18,039,IN,"Elkhart County",72,139,2620
18,003,18,087,IN,"Lagrange County",62,96,2169
18,003,18,105,IN,"Monroe County",61,90,1364
18,003,39,125,OH,"Paulding County",55,98,1662
18,003,18,169,IN,"Wabash County",54,78,1361
18,003,18,057,IN,"Hamilton County",51,101,2688
18,003,18,035,IN,"Delaware County",50,75,1444
18,003,18,089,IN,"Lake County",50,102,1169
18,003,39,039,OH,"Defiance County",50,90,1768
18,003,18,157,IN,"Tippecanoe County",45,78,1495
18,003,18,053,IN,"Grant County",39,69,1020
18,003,18,095,IN,"Madison County",31,61,1236
18,003,06,037,CA,"Los Angeles County",29,66,1172
18,003,04,013,AZ,"Maricopa County",28,53,1143
18,003,17,043,IL,"Du Page County",27,61,1363
18,003,39,161,OH,"Van Wert County",27,68,1399
18,003,18,127,IN,"Porter County",26,42,1043
18,003,39,003,OH,"Allen County",26,48,730
18,003,26,163,MI,"Wayne County",25,49,605
18,003,39,113,OH,"Montgomery County",25,46,1061
18,003,12,071,FL,"Lee County",24,34,1843
18,003,26,077,MI,"Kalamazoo County",24,52,1995
18,003,39,061,OH,"Hamilton County",23,37,740
18,003,39,095,OH,"Lucas County",23,53,4905
18,003,18,067,IN,"Howard County",22,46,963
18,003,26,125,MI,"Oakland County",22,44,1749
18,003,18,177,IN,"Wayne County",21,37,674
18,003,39,049,OH,"Franklin County",21,45,851
18,003,26,023,MI,"Branch County",20,35,696
18,003,12,103,FL,"Pinellas County",19,36,314
18,003,18,091,IN,"La Porte County",19,38,403
18,003,39,035,OH,"Cuyahoga County",19,39,1000
18,003,26,081,MI,"Kent County",18,39,814
18,003,26,099,MI,"Macomb County",17,24,862
18,003,26,161,MI,"Washtenaw County",17,33,563
18,003,39,171,OH,"Williams County",17,25,401
18,003,18,009,IN,"Blackford County",16,31,531
18,003,18,103,IN,"Miami County",16,30,417
18,003,18,167,IN,"Vigo County",16,20,458
18,003,12,057,FL,"Hillsborough County",15,27,578
18,003,18,017,IN,"Cass County",15,28,548
18,003,18,099,IN,"Marshall County",15,27,478
18,003,57,005,FR,"Foreign - APO/FPO ZIPs",15,24,276
18,003,06,073,CA,"San Diego County",14,34,486
18,003,06,085,CA,"Santa Clara County",14,26,974
18,003,18,063,IN,"Hendricks County",14,26,641
18,003,18,081,IN,"Johnson County",14,31,610
18,003,39,107,OH,"Mercer County",14,35,562
18,003,48,201,TX,"Harris County",14,35,476
18,003,17,201,IL,"Winnebago County",13,26,475
18,003,26,025,MI,"Calhoun County",13,17,478
18,003,26,065,MI,"Ingham County",13,24,411
18,003,06,071,CA,"San Bernardino Count",12,31,495
18,003,08,041,CO,"El Paso County",12,27,465
18,003,12,115,FL,"Sarasota County",12,23,804
18,003,17,197,IL,"Will County",12,32,812
18,003,26,049,MI,"Genesee County",12,31,380
18,003,26,145,MI,"Saginaw County",12,29,360
18,003,26,149,MI,"St Joseph County",12,30,328
18,003,12,081,FL,"Manatee County",11,17,218
18,003,17,097,IL,"Lake County",11,26,610
18,003,18,049,IN,"Fulton County",11,15,253
18,003,21,111,KY,"Jefferson County",11,18,640
18,003,47,037,TN,"Davidson County",11,25,324
18,003,47,149,TN,"Rutherford County",11,27,468
18,003,55,079,WI,"Milwaukee County",11,30,532
18,003,06,059,CA,"Orange County",10,25,344
18,003,12,086,FL,"Miami Dade County",10,19,166
18,003,17,143,IL,"Peoria County",10,14,266
18,003,27,053,MN,"Hennepin County",10,16,385
18,003,32,003,NV,"Clark County",10,17,305
18,003,39,011,OH,"Auglaize County",10,17,258
18,003,39,017,OH,"Butler County",10,32,653
18,003,39,153,OH,"Summit County",10,10,323
18,003,48,439,TX,"Tarrant County",10,19,517
18,003,53,033,WA,"King County",10,16,408
18,003,58,000,SS,"Other Flows - Same State",129,268,4652
18,003,59,000,DS,"Other Flows - Diff State",1631,3386,70513
18,003,59,001,DS,"Other Flows - Northeast",220,474,13354
18,003,59,003,DS,"Other Flows - Midwest",516,1045,22553
18,003,59,005,DS,"Other Flows - South",703,1453,28313
18,003,59,007,DS,"Other Flows - West",192,414,6293
18,003,57,009,FR,"Foreign - Other flows",21,42,652
18,005,96,000,IN,"Bartholomew Cou Tot Mig-US & For",1714,3497,62262
18,005,97,000,IN,"Bartholomew Cou Tot Mig-US",1684,3439,61009
18,005,97,001,IN,"Bartholomew Cou Tot Mig-Same St",1137,2294,36882
18,005,97,003,IN,"Bartholomew Cou Tot Mig-Diff St",547,1145,24127
18,005,98,000,IN,"Bartholomew Cou Tot Mig-Foreign",30,58,1253
18,005,18,005,IN,"Bartholomew Cou Non-Migrants",28435,64587,1468205
18,005,18,081,IN,"Johnson County",166,359,5696
18,005,18,071,IN,"Jackson County",156,336,5135
18,005,18,079,IN,"Jennings County",153,322,4111
18,005,18,097,IN,"Marion County",112,203,3575
18,005,18,013,IN,"Brown County",86,176,2677
18,005,18,031,IN,"Decatur County",72,159,2092
18,005,18,105,IN,"Monroe County",48,94,1351
18,005,18,145,IN,"Shelby County",47,97,1341
18,005,18,157,IN,"Tippecanoe County",25,28,888
18,005,18,077,IN,"Jefferson County",21,39,574
18,005,18,109,IN,"Morgan County",15,22,385
18,005,18,057,IN,"Hamilton County",14,35,807
18,005,18,143,IN,"Scott County",14,30,397
18,005,18,093,IN,"Lawrence County",12,17,419
18,005,17,031,IL,"Cook County",11,22,504
18,005,18,047,IN,"Franklin County",11,17,489
18,005,18,019,IN,"Clark County",10,16,358
18,005,18,035,IN,"Delaware County",10,15,268
18,005,18,063,IN,"Hendricks County",10,19,437
18,005,58,000,SS,"Other Flows - Same State",155,310,5882
18,005,59,000,DS,"Other Flows - Diff State",536,1123,23624
18,005,59,001,DS,"Other Flows - Northeast",44,87,2609
18,005,59,003,DS,"Other Flows - Midwest",165,383,8127
18,005,59,005,DS,"Other Flows - South",253,500,8797
18,005,59,007,DS,"Other Flows - West",74,153,4091
18,005,57,009,FR,"Foreign - Other flows",30,58,1253
18,007,96,000,IN,"Benton County Tot Mig-US & For",272,540,7502
18,007,97,000,IN,"Benton County Tot Mig-US",272,540,7502
18,007,97,001,IN,"Benton County Tot Mig-Same St",215,429,5847
18,007,97,003,IN,"Benton County Tot Mig-Diff St",57,111,1655
18,007,18,007,IN,"Benton County Non-Migrants",3505,8139,139407
18,007,18,157,IN,"Tippecanoe County",117,228,3287
18,007,18,111,IN,"Newton County",19,36,369
18,007,18,171,IN,"Warren County",17,34,365
18,007,18,073,IN,"Jasper County",12,21,176
18,007,18,181,IN,"White County",11,30,307
18,007,58,000,SS,"Other Flows - Same State",39,80,1343
18,007,59,000,DS,"Other Flows - Diff State",57,111,1655
18,009,96,000,IN,"Blackford Count Tot Mig-US & For",327,683,9226
18,009,97,000,IN,"Blackford Count Tot Mig-US",327,683,9226
18,009,97,001,IN,"Blackford Count Tot Mig-Same St",273,561,7835
18,009,97,003,IN,"Blackford Count Tot Mig-Diff St",54,122,1391
18,009,18,009,IN,"Blackford Count Non-Migrants",6003,13421,242080
18,009,18,035,IN,"Delaware County",59,115,2112
18,009,18,053,IN,"Grant County",52,109,1522
18,009,18,075,IN,"Jay County",43,80,1210
18,009,18,179,IN,"Wells County",37,89,865
18,009,18,135,IN,"Randolph County",12,27,340
18,009,58,000,SS,"Other Flows - Same State",70,141,1785
18,009,59,000,DS,"Other Flows - Diff State",54,122,1391
18,011,96,000,IN,"Boone County Tot Mig-US & For",1807,3889,114944
18,011,97,000,IN,"Boone County Tot Mig-US",1807,3889,114944
18,011,97,001,IN,"Boone County Tot Mig-Same St",1355,2831,77874
18,011,97,003,IN,"Boone County Tot Mig-Diff St",452,1058,37069
18,011,18,011,IN,"Boone County Non-Migrants",18931,46312,1372012
18,011,18,097,IN,"Marion County",614,1277,36797
18,011,18,057,IN,"Hamilton County",202,481,16090
18,011,18,063,IN,"Hendricks County",109,225,6148
18,011,18,023,IN,"Clinton County",59,111,1684
18,011,18,107,IN,"Montgomery County",56,115,2127
18,011,18,157,IN,"Tippecanoe County",56,90,1790
18,011,18,081,IN,"Johnson County",22,41,1186
18,011,17,031,IL,"Cook County",14,31,1568
18,011,18,003,IN,"Allen County",14,34,1270
18,011,18,059,IN,"Hancock County",14,38,1173
18,011,18,133,IN,"Putnam County",14,29,696
18,011,18,105,IN,"Monroe County",12,23,515
18,011,17,113,IL,"Mclean County",11,18,323
18,011,18,035,IN,"Delaware County",11,19,303
18,011,18,089,IN,"Lake County",11,28,570
18,011,18,095,IN,"Madison County",11,20,355
18,011,18,067,IN,"Howard County",10,19,487
18,011,26,077,MI,"Kalamazoo County",10,35,2929
18,011,58,000,SS,"Other Flows - Same State",140,281,6686
18,011,59,000,DS,"Other Flows - Diff State",417,974,32249
18,011,59,001,DS,"Other Flows - Northeast",45,127,4497
18,011,59,003,DS,"Other Flows - Midwest",154,366,11916
18,011,59,005,DS,"Other Flows - South",151,342,11331
18,011,59,007,DS,"Other Flows - West",67,139,4505
18,013,96,000,IN,"Brown County Tot Mig-US & For",668,1266,25865
18,013,97,000,IN,"Brown County Tot Mig-US",668,1266,25865
18,013,97,001,IN,"Brown County Tot Mig-Same St",535,1043,20432
18,013,97,003,IN,"Brown County Tot Mig-Diff St",133,223,5432
18,013,18,013,IN,"Brown County Non-Migrants",6804,15222,328105
18,013,18,105,IN,"Monroe County",105,165,5091
18,013,18,097,IN,"Marion County",102,194,3674
18,013,18,081,IN,"Johnson County",97,222,3548
18,013,18,005,IN,"Bartholomew County",86,182,2724
18,013,18,109,IN,"Morgan County",29,65,976
18,013,18,057,IN,"Hamilton County",15,36,1244
18,013,18,063,IN,"Hendricks County",10,17,335
18,013,58,000,SS,"Other Flows - Same State",91,162,2839
18,013,59,000,DS,"Other Flows - Diff State",133,223,5432
18,015,96,000,IN,"Carroll County Tot Mig-US & For",534,1045,17470
18,015,97,000,IN,"Carroll County Tot Mig-US",534,1045,17470
18,015,97,001,IN,"Carroll County Tot Mig-Same St",434,866,14305
18,015,97,003,IN,"Carroll County Tot Mig-Diff St",100,179,3165
18,015,18,015,IN,"Carroll County Non-Migrants",8540,19851,370129
18,015,18,157,IN,"Tippecanoe County",145,287,4913
18,015,18,017,IN,"Cass County",66,125,1935
18,015,18,181,IN,"White County",65,135,2044
18,015,18,067,IN,"Howard County",33,70,1028
18,015,18,023,IN,"Clinton County",32,63,1270
18,015,18,097,IN,"Marion County",11,20,380
18,015,58,000,SS,"Other Flows - Same State",82,166,2735
18,015,59,000,DS,"Other Flows - Diff State",100,179,3165
18,017,96,000,IN,"Cass County Tot Mig-US & For",672,1374,18351
18,017,97,000,IN,"Cass County Tot Mig-US",672,1374,18351
18,017,97,001,IN,"Cass County Tot Mig-Same St",505,1020,14173
18,017,97,003,IN,"Cass County Tot Mig-Diff St",167,354,4178
18,017,18,017,IN,"Cass County Non-Migrants",14815,33290,597488
18,017,18,067,IN,"Howard County",99,200,3256
18,017,18,103,IN,"Miami County",96,210,2899
18,017,18,015,IN,"Carroll County",45,122,1287
18,017,18,049,IN,"Fulton County",37,70,974
18,017,18,181,IN,"White County",35,69,809
18,017,18,157,IN,"Tippecanoe County",25,47,494
18,017,18,097,IN,"Marion County",21,29,444
18,017,18,131,IN,"Pulaski County",21,38,405
18,017,17,031,IL,"Cook County",12,36,322
18,017,18,169,IN,"Wabash County",11,18,288
18,017,18,057,IN,"Hamilton County",10,18,487
18,017,58,000,SS,"Other Flows - Same State",105,199,2830
18,017,59,000,DS,"Other Flows - Diff State",155,318,3856
18,019,96,000,IN,"Clark County Tot Mig-US & For",3114,5868,100756
18,019,97,000,IN,"Clark County Tot Mig-US",3101,5847,100437
18,019,97,001,IN,"Clark County Tot Mig-Same St",1534,2840,47521
18,019,97,003,IN,"Clark County Tot Mig-Diff St",1567,3007,52916
18,019,98,000,IN,"Clark County Tot Mig-Foreign",13,21,319
18,019,18,019,IN,"Clark County Non-Migrants",37136,78719,1642805
18,019,18,043,IN,"Floyd County",919,1706,29893
18,019,21,111,KY,"Jefferson County",766,1392,25973
18,019,18,175,IN,"Washington County",121,236,3599
18,019,18,061,IN,"Harrison County",111,201,2944
18,019,18,143,IN,"Scott County",101,195,2437
18,019,21,029,KY,"Bullitt County",40,85,1317
18,019,18,077,IN,"Jefferson County",26,53,743
18,019,18,163,IN,"Vanderburgh County",24,42,584
18,019,21,093,KY,"Hardin County",23,37,676
18,019,18,105,IN,"Monroe County",21,29,465
18,019,18,097,IN,"Marion County",20,26,556
18,019,18,117,IN,"Orange County",19,25,510
18,019,21,185,KY,"Oldham County",17,25,850
18,019,21,067,KY,"Fayette County",14,29,489
18,019,32,003,NV,"Clark County",14,25,257
18,019,12,103,FL,"Pinellas County",11,16,325
18,019,18,071,IN,"Jackson County",11,18,455
18,019,21,211,KY,"Shelby County",11,18,352
18,019,58,000,SS,"Other Flows - Same State",161,309,5334
18,019,59,000,DS,"Other Flows - Diff State",671,1380,22677
18,019,59,001,DS,"Other Flows - Northeast",46,80,1576
18,019,59,003,DS,"Other Flows - Midwest",167,339,5970
18,019,59,005,DS,"Other Flows - South",372,770,12730
18,019,59,007,DS,"Other Flows - West",86,191,2401
18,019,57,009,FR,"Foreign - Other flows",13,21,319
18,021,96,000,IN,"Clay County Tot Mig-US & For",694,1505,21366
18,021,97,000,IN,"Clay County Tot Mig-US",694,1505,21366
18,021,97,001,IN,"Clay County Tot Mig-Same St",549,1196,16347
18,021,97,003,IN,"Clay County Tot Mig-Diff St",145,309,5018
18,021,18,021,IN,"Clay County Non-Migrants",9881,23049,399368
18,021,18,167,IN,"Vigo County",240,504,8691
18,021,18,133,IN,"Putnam County",66,136,351
18,021,18,121,IN,"Parke County",34,78,822
18,021,18,097,IN,"Marion County",33,76,971
18,021,18,119,IN,"Owen County",32,72,761
18,021,18,063,IN,"Hendricks County",22,42,597
18,021,18,153,IN,"Sullivan County",21,65,852
18,021,18,055,IN,"Greene County",19,43,513
18,021,18,165,IN,"Vermillion County",12,28,307
18,021,58,000,SS,"Other Flows - Same State",70,152,2483
18,021,59,000,DS,"Other Flows - Diff State",145,309,5018
18,021,59,001,DS,"Other Flows - Northeast",10,22,584
18,021,59,003,DS,"Other Flows - Midwest",53,120,1735
18,021,59,005,DS,"Other Flows - South",47,102,1617
18,021,59,007,DS,"Other Flows - West",35,65,1083
18,023,96,000,IN,"Clinton County Tot Mig-US & For",635,1232,19371
18,023,97,000,IN,"Clinton County Tot Mig-US",635,1232,19371
18,023,97,001,IN,"Clinton County Tot Mig-Same St",486,935,15055
18,023,97,003,IN,"Clinton County Tot Mig-Diff St",149,297,4316
18,023,18,023,IN,"Clinton County Non-Migrants",11943,27836,508251
18,023,18,157,IN,"Tippecanoe County",170,301,4941
18,023,18,011,IN,"Boone County",53,122,1667
18,023,18,067,IN,"Howard County",49,106,2286
18,023,18,097,IN,"Marion County",34,54,760
18,023,18,015,IN,"Carroll County",30,63,1088
18,023,18,057,IN,"Hamilton County",22,48,650
18,023,18,107,IN,"Montgomery County",14,25,265
18,023,18,159,IN,"Tipton County",14,28,386
18,023,58,000,SS,"Other Flows - Same State",100,188,3012
18,023,59,000,DS,"Other Flows - Diff State",149,297,4316
18,025,96,000,IN,"Crawford County Tot Mig-US & For",289,603,11268
18,025,97,000,IN,"Crawford County Tot Mig-US",289,603,11268
18,025,97,001,IN,"Crawford County Tot Mig-Same St",229,472,6367
18,025,97,003,IN,"Crawford County Tot Mig-Diff St",60,131,4901
18,025,18,025,IN,"Crawford County Non-Migrants",3833,8692,132878
18,025,18,061,IN,"Harrison County",71,164,2028
18,025,18,043,IN,"Floyd County",33,67,925
18,025,18,037,IN,"Dubois County",24,52,647
18,025,18,117,IN,"Orange County",20,43,505
18,025,18,019,IN,"Clark County",13,28,350
18,025,18,175,IN,"Washington County",11,16,225
18,025,58,000,SS,"Other Flows - Same State",57,102,1688
18,025,59,000,DS,"Other Flows - Diff State",60,131,4901
18,027,96,000,IN,"Daviess County Tot Mig-US & For",412,842,11807
18,027,97,000,IN,"Daviess County Tot Mig-US",412,842,11807
18,027,97,001,IN,"Daviess County Tot Mig-Same St",297,611,8216
18,027,97,003,IN,"Daviess County Tot Mig-Diff St",115,231,3591
18,027,18,027,IN,"Daviess County Non-Migrants",9938,24304,450012
18,027,18,083,IN,"Knox County",62,140,1983
18,027,18,055,IN,"Greene County",31,69,988
18,027,18,101,IN,"Martin County",25,52,471
18,027,18,125,IN,"Pike County",24,54,536
18,027,18,037,IN,"Dubois County",20,41,426
18,027,18,105,IN,"Monroe County",20,34,522
18,027,18,051,IN,"Gibson County",17,36,501
18,027,18,097,IN,"Marion County",16,29,379
18,027,18,163,IN,"Vanderburgh County",15,20,381
18,027,18,093,IN,"Lawrence County",10,21,323
18,027,58,000,SS,"Other Flows - Same State",57,115,1707
18,027,59,000,DS,"Other Flows - Diff State",115,231,3591
18,029,96,000,IN,"Dearborn County Tot Mig-US & For",1337,2804,54521
18,029,97,000,IN,"Dearborn County Tot Mig-US",1337,2804,54521
18,029,97,001,IN,"Dearborn County Tot Mig-Same St",400,803,13188
18,029,97,003,IN,"Dearborn County Tot Mig-Diff St",937,2001,41333
18,029,18,029,IN,"Dearborn County Non-Migrants",19048,44667,976381
18,029,39,061,OH,"Hamilton County",517,1107,23407
18,029,18,137,IN,"Ripley County",121,258,4009
18,029,39,017,OH,"Butler County",70,151,2992
18,029,18,047,IN,"Franklin County",68,141,2219
18,029,18,115,IN,"Ohio County",66,113,2133
18,029,21,015,KY,"Boone County",46,93,1670
18,029,21,117,KY,"Kenton County",36,60,1097
18,029,18,155,IN,"Switzerland County",28,57,607
18,029,39,025,OH,"Clermont County",23,51,711
18,029,39,165,OH,"Warren County",14,25,1218
18,029,18,097,IN,"Marion County",13,19,472
18,029,18,077,IN,"Jefferson County",10,24,369
18,029,58,000,SS,"Other Flows - Same State",94,191,3379
18,029,59,000,DS,"Other Flows - Diff State",231,514,10238
18,029,59,001,DS,"Other Flows - Northeast",20,52,842
18,029,59,003,DS,"Other Flows - Midwest",67,155,3602
18,029,59,005,DS,"Other Flows - South",110,234,4354
18,029,59,007,DS,"Other Flows - West",34,73,1441
18,031,96,000,IN,"Decatur County Tot Mig-US & For",641,1329,19878
18,031,97,000,IN,"Decatur County Tot Mig-US",641,1329,19878
18,031,97,001,IN,"Decatur County Tot Mig-Same St",505,1046,14989
18,031,97,003,IN,"Decatur County Tot Mig-Diff St",136,283,4889
18,031,18,031,IN,"Decatur County Non-Migrants",10222,23637,444802
18,031,18,145,IN,"Shelby County",69,151,1939
18,031,18,047,IN,"Franklin County",65,117,1594
18,031,18,005,IN,"Bartholomew County",60,136,1959
18,031,18,139,IN,"Rush County",52,120,1708
18,031,18,137,IN,"Ripley County",44,102,1367
18,031,18,097,IN,"Marion County",41,85,1379
18,031,18,079,IN,"Jennings County",37,78,919
18,031,18,041,IN,"Fayette County",23,38,571
18,031,18,029,IN,"Dearborn County",10,20,269
18,031,18,071,IN,"Jackson County",10,17,260
18,031,58,000,SS,"Other Flows - Same State",94,182,3025
18,031,59,000,DS,"Other Flows - Diff State",136,283,4889
18,033,96,000,IN,"De Kalb County Tot Mig-US & For",977,2014,31477
18,033,97,000,IN,"De Kalb County Tot Mig-US",977,2014,31477
18,033,97,001,IN,"De Kalb County Tot Mig-Same St",718,1453,22100
18,033,97,003,IN,"De Kalb County Tot Mig-Diff St",259,561,9377
18,033,18,033,IN,"De Kalb County Non-Migrants",14978,34769,683187
18,033,18,003,IN,"Allen County",255,514,9507
18,033,18,113,IN,"Noble County",168,341,4448
18,033,18,151,IN,"Steuben County",146,302,4180
18,033,39,171,OH,"Williams County",28,59,705
18,033,18,087,IN,"Lagrange County",23,50,756
18,033,39,039,OH,"Defiance County",15,31,617
18,033,18,183,IN,"Whitley County",14,22,456
18,033,18,097,IN,"Marion County",13,18,485
18,033,18,085,IN,"Kosciusko County",10,17,141
18,033,58,000,SS,"Other Flows - Same State",89,189,2128
18,033,59,000,DS,"Other Flows - Diff State",216,471,8056
18,033,59,001,DS,"Other Flows - Northeast",17,41,631
18,033,59,003,DS,"Other Flows - Midwest",99,223,4204
18,033,59,005,DS,"Other Flows - South",77,158,2480
18,033,59,007,DS,"Other Flows - West",23,49,741
18,035,96,000,IN,"Delaware County Tot Mig-US & For",2322,4079,67904
18,035,97,000,IN,"Delaware County Tot Mig-US",2243,3993,67332
18,035,97,001,IN,"Delaware County Tot Mig-Same St",1507,2613,42382
18,035,97,003,IN,"Delaware County Tot Mig-Diff St",736,1380,24950
18,035,98,000,IN,"Delaware County Tot Mig-Foreign",79,86,572
18,035,18,035,IN,"Delaware County Non-Migrants",39024,83606,1707537
18,035,18,095,IN,"Madison County",308,573,8500
18,035,18,097,IN,"Marion County",142,242,3949
18,035,18,135,IN,"Randolph County",140,309,4407
18,035,18,065,IN,"Henry County",100,197,2696
18,035,18,009,IN,"Blackford County",79,149,2678
18,035,18,075,IN,"Jay County",70,124,2954
18,035,18,003,IN,"Allen County",65,95,1413
18,035,18,053,IN,"Grant County",58,96,1602
18,035,18,057,IN,"Hamilton County",56,96,2147
18,035,18,157,IN,"Tippecanoe County",30,52,732
18,035,18,177,IN,"Wayne County",29,38,790
18,035,18,067,IN,"Howard County",28,42,909
18,035,18,141,IN,"St Joseph County",26,37,413
18,035,18,089,IN,"Lake County",23,35,570
18,035,18,069,IN,"Huntington County",21,38,399
18,035,17,031,IL,"Cook County",19,28,841
18,035,18,039,IN,"Elkhart County",18,25,197
18,035,18,105,IN,"Monroe County",18,26,326
18,035,18,085,IN,"Kosciusko County",16,17,270
18,035,18,091,IN,"La Porte County",16,23,336
18,035,18,059,IN,"Hancock County",14,20,526
18,035,18,103,IN,"Miami County",14,28,288
18,035,18,169,IN,"Wabash County",11,12,123
18,035,18,179,IN,"Wells County",10,15,147
18,035,39,049,OH,"Franklin County",10,15,213
18,035,58,000,SS,"Other Flows - Same State",215,324,6009
18,035,59,000,DS,"Other Flows - Diff State",707,1337,23896
18,035,59,001,DS,"Other Flows - Northeast",53,99,2113
18,035,59,003,DS,"Other Flows - Midwest",254,459,10137
18,035,59,005,DS,"Other Flows - South",304,575,8355
18,035,59,007,DS,"Other Flows - West",96,204,3292
18,035,57,009,FR,"Foreign - Other flows",79,86,572
18,037,96,000,IN,"Dubois County Tot Mig-US & For",803,1541,27450
18,037,97,000,IN,"Dubois County Tot Mig-US",803,1541,27450
18,037,97,001,IN,"Dubois County Tot Mig-Same St",529,989,17003
18,037,97,003,IN,"Dubois County Tot Mig-Diff St",274,552,10447
18,037,18,037,IN,"Dubois County Non-Migrants",16868,39484,911143
18,037,18,147,IN,"Spencer County",80,137,2749
18,037,18,125,IN,"Pike County",60,123,1876
18,037,18,163,IN,"Vanderburgh County",50,79,1431
18,037,18,123,IN,"Perry County",34,66,1049
18,037,18,117,IN,"Orange County",33,70,984
18,037,18,027,IN,"Daviess County",31,57,952
18,037,18,025,IN,"Crawford County",29,56,679
18,037,18,173,IN,"Warrick County",25,48,744
18,037,18,101,IN,"Martin County",24,38,599
18,037,18,097,IN,"Marion County",21,36,772
18,037,18,051,IN,"Gibson County",19,35,760
18,037,18,083,IN,"Knox County",12,28,374
18,037,21,111,KY,"Jefferson County",12,16,354
18,037,58,000,SS,"Other Flows - Same State",111,216,4035
18,037,59,000,DS,"Other Flows - Diff State",262,536,10093
18,037,59,001,DS,"Other Flows - Northeast",23,48,878
18,037,59,003,DS,"Other Flows - Midwest",77,143,2895
18,037,59,005,DS,"Other Flows - South",127,264,5043
18,037,59,007,DS,"Other Flows - West",35,81,1277
18,039,96,000,IN,"Elkhart County Tot Mig-US & For",3444,7093,115970
18,039,97,000,IN,"Elkhart County Tot Mig-US",3397,7014,115112
18,039,97,001,IN,"Elkhart County Tot Mig-Same St",1716,3612,62480
18,039,97,003,IN,"Elkhart County Tot Mig-Diff St",1681,3402,52632
18,039,98,000,IN,"Elkhart County Tot Mig-Foreign",47,79,858
18,039,18,039,IN,"Elkhart County Non-Migrants",65477,155914,3236716
18,039,18,141,IN,"St Joseph County",791,1670,29888
18,039,18,085,IN,"Kosciusko County",226,499,8518
18,039,26,027,MI,"Cass County",219,409,5543
18,039,18,087,IN,"Lagrange County",138,314,5011
18,039,26,149,MI,"St Joseph County",116,209,3791
18,039,18,099,IN,"Marshall County",96,214,3110
18,039,17,031,IL,"Cook County",84,220,1794
18,039,18,003,IN,"Allen County",62,102,1817
18,039,18,113,IN,"Noble County",62,135,2389
18,039,18,097,IN,"Marion County",51,92,1713
18,039,26,021,MI,"Berrien County",48,77,1198
18,039,18,089,IN,"Lake County",29,63,1033
18,039,26,077,MI,"Kalamazoo County",28,64,1196
18,039,18,091,IN,"La Porte County",22,53,627
18,039,04,013,AZ,"Maricopa County",19,36,672
18,039,18,035,IN,"Delaware County",18,30,325
18,039,18,127,IN,"Porter County",18,36,951
18,039,06,059,CA,"Orange County",17,24,396
18,039,06,071,CA,"San Bernardino Count",17,46,712
18,039,18,057,IN,"Hamilton County",17,34,697
18,039,06,037,CA,"Los Angeles County",16,47,349
18,039,18,157,IN,"Tippecanoe County",16,27,342
18,039,26,081,MI,"Kent County",16,37,661
18,039,18,105,IN,"Monroe County",15,23,282
18,039,18,053,IN,"Grant County",13,27,936
18,039,26,025,MI,"Calhoun County",13,24,313
18,039,06,073,CA,"San Diego County",12,25,305
18,039,55,079,WI,"Milwaukee County",12,29,468
18,039,12,115,FL,"Sarasota County",11,19,384
18,039,17,043,IL,"Du Page County",11,21,357
18,039,48,201,TX,"Harris County",11,28,313
18,039,48,215,TX,"Hidalgo County",11,29,143
18,039,26,159,MI,"Van Buren County",10,17,248
18,039,32,003,NV,"Clark County",10,19,280
18,039,58,000,SS,"Other Flows - Same State",142,293,4840
18,039,59,000,DS,"Other Flows - Diff State",1000,2022,33510
18,039,59,001,DS,"Other Flows - Northeast",110,202,5800
18,039,59,003,DS,"Other Flows - Midwest",385,770,12938
18,039,59,005,DS,"Other Flows - South",391,817,11147
18,039,59,007,DS,"Other Flows - West",114,233,3625
18,039,57,009,FR,"Foreign - Other flows",47,79,858
18,041,96,000,IN,"Fayette County Tot Mig-US & For",473,981,12802
18,041,97,000,IN,"Fayette County Tot Mig-US",473,981,12802
18,041,97,001,IN,"Fayette County Tot Mig-Same St",358,750,9740
18,041,97,003,IN,"Fayette County Tot Mig-Diff St",115,231,3062
18,041,18,041,IN,"Fayette County Non-Migrants",8957,19763,361180
18,041,18,047,IN,"Franklin County",89,208,2554
18,041,18,177,IN,"Wayne County",80,199,2219
18,041,18,139,IN,"Rush County",34,68,897
18,041,18,161,IN,"Union County",24,41,567
18,041,18,097,IN,"Marion County",18,31,436
18,041,18,031,IN,"Decatur County",17,33,267
18,041,18,065,IN,"Henry County",16,33,401
18,041,18,145,IN,"Shelby County",16,32,310
18,041,58,000,SS,"Other Flows - Same State",64,105,2089
18,041,59,000,DS,"Other Flows - Diff State",115,231,3062
18,043,96,000,IN,"Floyd County Tot Mig-US & For",2206,4263,76064
18,043,97,000,IN,"Floyd County Tot Mig-US",2196,4250,75916
18,043,97,001,IN,"Floyd County Tot Mig-Same St",1284,2434,41542
18,043,97,003,IN,"Floyd County Tot Mig-Diff St",912,1816,34374
18,043,98,000,IN,"Floyd County Tot Mig-Foreign",10,13,148
18,043,18,043,IN,"Floyd County Non-Migrants",25129,55038,1344929
18,043,18,019,IN,"Clark County",817,1593,26598
18,043,21,111,KY,"Jefferson County",445,853,14485
18,043,18,061,IN,"Harrison County",191,356,5814
18,043,18,175,IN,"Washington County",53,96,1370
18,043,18,025,IN,"Crawford County",25,45,998
18,043,18,097,IN,"Marion County",22,29,1060
18,043,21,029,KY,"Bullitt County",22,46,886
18,043,18,143,IN,"Scott County",21,39,403
18,043,18,105,IN,"Monroe County",17,27,418
18,043,18,163,IN,"Vanderburgh County",14,26,441
18,043,21,185,KY,"Oldham County",13,30,477
18,043,18,077,IN,"Jefferson County",11,17,350
18,043,58,000,SS,"Other Flows - Same State",113,206,4090
18,043,59,000,DS,"Other Flows - Diff State",432,887,18525
18,043,59,001,DS,"Other Flows - Northeast",33,71,1672
18,043,59,003,DS,"Other Flows - Midwest",98,206,5060
18,043,59,005,DS,"Other Flows - South",260,528,11093
18,043,59,007,DS,"Other Flows - West",41,82,701
18,043,57,009,FR,"Foreign - Other flows",10,13,148
18,045,96,000,IN,"Fountain County Tot Mig-US & For",420,858,11643
18,045,97,000,IN,"Fountain County Tot Mig-US",420,858,11643
18,045,97,001,IN,"Fountain County Tot Mig-Same St",304,613,8160
18,045,97,003,IN,"Fountain County Tot Mig-Diff St",116,245,3483
18,045,18,045,IN,"Fountain County Non-Migrants",6650,15282,262150
18,045,18,171,IN,"Warren County",61,130,1386
18,045,18,157,IN,"Tippecanoe County",60,121,1676
18,045,18,107,IN,"Montgomery County",57,119,1240
18,045,17,183,IL,"Vermilion County",47,109,1372
18,045,18,165,IN,"Vermillion County",21,47,720
18,045,18,097,IN,"Marion County",17,23,462
18,045,18,121,IN,"Parke County",17,36,512
18,045,18,007,IN,"Benton County",11,21,269
18,045,58,000,SS,"Other Flows - Same State",60,116,1895
18,045,59,000,DS,"Other Flows - Diff State",69,136,2111
18,047,96,000,IN,"Franklin County Tot Mig-US & For",664,1452,26699
18,047,97,000,IN,"Franklin County Tot Mig-US",664,1452,26699
18,047,97,001,IN,"Franklin County Tot Mig-Same St",392,849,13752
18,047,97,003,IN,"Franklin County Tot Mig-Diff St",272,603,12947
18,047,18,047,IN,"Franklin County Non-Migrants",10153,24538,481324
18,047,39,061,OH,"Hamilton County",81,164,3616
18,047,18,041,IN,"Fayette County",74,157,2130
18,047,18,029,IN,"Dearborn County",72,151,2856
18,047,39,017,OH,"Butler County",69,162,2395
18,047,18,137,IN,"Ripley County",52,122,2088
18,047,18,031,IN,"Decatur County",51,97,1585
18,047,18,177,IN,"Wayne County",36,58,1127
18,047,18,139,IN,"Rush County",20,47,616
18,047,18,161,IN,"Union County",20,68,569
18,047,18,097,IN,"Marion County",16,36,540
18,047,58,000,SS,"Other Flows - Same State",51,113,2240
18,047,59,000,DS,"Other Flows - Diff State",122,277,6937
18,049,96,000,IN,"Fulton County Tot Mig-US & For",513,1129,22168
18,049,97,000,IN,"Fulton County Tot Mig-US",513,1129,22168
18,049,97,001,IN,"Fulton County Tot Mig-Same St",400,863,11310
18,049,97,003,IN,"Fulton County Tot Mig-Diff St",113,266,10858
18,049,18,049,IN,"Fulton County Non-Migrants",7878,18015,310025
18,049,18,099,IN,"Marshall County",71,167,1740
18,049,18,085,IN,"Kosciusko County",63,131,1738
18,049,18,017,IN,"Cass County",38,86,1264
18,049,18,131,IN,"Pulaski County",37,77,885
18,049,18,103,IN,"Miami County",30,58,613
18,049,18,141,IN,"St Joseph County",18,31,552
18,049,18,149,IN,"Starke County",16,49,416
18,049,18,169,IN,"Wabash County",16,36,465
18,049,18,089,IN,"Lake County",13,27,467
18,049,18,097,IN,"Marion County",13,20,393
18,049,18,003,IN,"Allen County",12,16,425
18,049,58,000,SS,"Other Flows - Same State",73,165,2351
18,049,59,000,DS,"Other Flows - Diff State",113,266,10858
18,051,96,000,IN,"Gibson County Tot Mig-US & For",728,1509,25898
18,051,97,000,IN,"Gibson County Tot Mig-US",728,1509,25898
18,051,97,001,IN,"Gibson County Tot Mig-Same St",440,898,15998
18,051,97,003,IN,"Gibson County Tot Mig-Diff St",288,611,9899
18,051,18,051,IN,"Gibson County Non-Migrants",12380,28169,561946
18,051,18,163,IN,"Vanderburgh County",165,337,6603
18,051,18,083,IN,"Knox County",46,89,1392
18,051,18,173,IN,"Warrick County",42,106,1923
18,051,18,125,IN,"Pike County",29,63,807
18,051,17,185,IL,"Wabash County",28,60,809
18,051,18,129,IN,"Posey County",27,50,752
18,051,18,037,IN,"Dubois County",13,36,462
18,051,18,097,IN,"Marion County",11,19,294
18,051,21,059,KY,"Daviess County",11,28,444
18,051,18,123,IN,"Perry County",10,19,277
18,051,18,167,IN,"Vigo County",10,21,610
18,051,58,000,SS,"Other Flows - Same State",87,158,2878
18,051,59,000,DS,"Other Flows - Diff State",249,523,8646
18,053,96,000,IN,"Grant County Tot Mig-US & For",1036,2144,29323
18,053,97,000,IN,"Grant County Tot Mig-US",1036,2144,29323
18,053,97,001,IN,"Grant County Tot Mig-Same St",665,1335,18849
18,053,97,003,IN,"Grant County Tot Mig-Diff St",371,809,10474
18,053,18,053,IN,"Grant County Non-Migrants",24536,53858,985767
18,053,18,095,IN,"Madison County",87,173,2050
18,053,18,035,IN,"Delaware County",63,113,1660
18,053,18,069,IN,"Huntington County",58,135,1611
18,053,18,103,IN,"Miami County",57,149,1754
18,053,18,169,IN,"Wabash County",49,91,1221
18,053,18,067,IN,"Howard County",47,95,1870
18,053,18,009,IN,"Blackford County",44,88,1115
18,053,18,097,IN,"Marion County",42,67,880
18,053,18,003,IN,"Allen County",40,73,1089
18,053,18,057,IN,"Hamilton County",18,34,800
18,053,18,085,IN,"Kosciusko County",12,23,417
18,053,18,179,IN,"Wells County",11,24,320
18,053,17,031,IL,"Cook County",10,25,380
18,053,18,157,IN,"Tippecanoe County",10,23,313
18,053,58,000,SS,"Other Flows - Same State",127,247,3749
18,053,59,000,DS,"Other Flows - Diff State",361,784,10095
18,053,59,001,DS,"Other Flows - Northeast",27,68,1109
18,053,59,003,DS,"Other Flows - Midwest",127,272,3642
18,053,59,005,DS,"Other Flows - South",161,347,4273
18,053,59,007,DS,"Other Flows - West",46,97,1070
18,055,96,000,IN,"Greene County Tot Mig-US & For",733,1501,22099
18,055,97,000,IN,"Greene County Tot Mig-US",733,1501,22099
18,055,97,001,IN,"Greene County Tot Mig-Same St",573,1147,16987
18,055,97,003,IN,"Greene County Tot Mig-Diff St",160,354,5111
18,055,18,055,IN,"Greene County Non-Migrants",11601,26452,455223
18,055,18,105,IN,"Monroe County",202,412,6811
18,055,18,153,IN,"Sullivan County",56,116,1490
18,055,18,097,IN,"Marion County",41,96,1119
18,055,18,119,IN,"Owen County",41,89,882
18,055,18,167,IN,"Vigo County",36,46,913
18,055,18,093,IN,"Lawrence County",26,46,730
18,055,18,021,IN,"Clay County",24,57,571
18,055,18,027,IN,"Daviess County",20,36,457
18,055,18,083,IN,"Knox County",20,35,449
18,055,18,101,IN,"Martin County",11,19,384
18,055,18,081,IN,"Johnson County",10,21,400
18,055,58,000,SS,"Other Flows - Same State",86,174,2780
18,055,59,000,DS,"Other Flows - Diff State",160,354,5111
18,057,96,000,IN,"Hamilton County Tot Mig-US & For",9471,19462,634074
18,057,97,000,IN,"Hamilton County Tot Mig-US",9408,19319,630599
18,057,97,001,IN,"Hamilton County Tot Mig-Same St",6570,12475,391245
18,057,97,003,IN,"Hamilton County Tot Mig-Diff St",2838,6844,239354
18,057,98,000,IN,"Hamilton County Tot Mig-Foreign",63,143,3475
18,057,18,057,IN,"Hamilton County Non-Migrants",72223,184287,6530806
18,057,18,097,IN,"Marion County",4152,7932,243488
18,057,18,095,IN,"Madison County",317,612,13254
18,057,18,011,IN,"Boone County",228,430,41585
18,057,18,059,IN,"Hancock County",175,387,11735
18,057,18,035,IN,"Delaware County",142,247,5887
18,057,18,067,IN,"Howard County",135,244,6219
18,057,18,157,IN,"Tippecanoe County",132,221,5330
18,057,17,031,IL,"Cook County",128,273,10516
18,057,18,063,IN,"Hendricks County",124,245,6822
18,057,18,003,IN,"Allen County",113,247,6946
18,057,18,081,IN,"Johnson County",89,178,5368
18,057,18,105,IN,"Monroe County",73,105,2410
18,057,18,089,IN,"Lake County",64,114,2803
18,057,18,141,IN,"St Joseph County",64,139,3638
18,057,18,159,IN,"Tipton County",64,123,2205
18,057,17,043,IL,"Du Page County",55,142,4970
18,057,18,053,IN,"Grant County",49,105,3042
18,057,18,163,IN,"Vanderburgh County",47,82,2049
18,057,26,125,MI,"Oakland County",47,131,5943
18,057,39,049,OH,"Franklin County",47,97,3431
18,057,04,013,AZ,"Maricopa County",42,101,3862
18,057,18,167,IN,"Vigo County",42,76,1824
18,057,21,111,KY,"Jefferson County",39,100,3675
18,057,17,097,IL,"Lake County",37,109,4586
18,057,18,065,IN,"Henry County",37,61,1734
18,057,48,201,TX,"Harris County",37,81,2103
18,057,06,037,CA,"Los Angeles County",35,79,3041
18,057,18,127,IN,"Porter County",34,65,2025
18,057,26,077,MI,"Kalamazoo County",33,115,7526
18,057,39,061,OH,"Hamilton County",31,60,2068
18,057,29,189,MO,"St Louis County",30,74,3826
18,057,18,023,IN,"Clinton County",28,56,1208
18,057,26,163,MI,"Wayne County",28,68,2961
18,057,18,109,IN,"Morgan County",25,48,1262
18,057,39,035,OH,"Cuyahoga County",25,68,2299
18,057,18,039,IN,"Elkhart County",24,47,1431
18,057,12,099,FL,"Palm Beach County",23,38,1542
18,057,18,177,IN,"Wayne County",23,47,1394
18,057,06,073,CA,"San Diego County",22,64,955
18,057,18,005,IN,"Bartholomew County",22,39,1159
18,057,26,161,MI,"Washtenaw County",22,41,1697
18,057,39,113,OH,"Montgomery County",22,45,793
18,057,57,005,FR,"Foreign - APO/FPO ZIPs",22,57,977
18,057,06,059,CA,"Orange County",20,43,1324
18,057,18,103,IN,"Miami County",20,41,1043
18,057,20,091,KS,"Johnson County",20,61,2603
18,057,39,017,OH,"Butler County",20,49,2015
18,057,25,017,MA,"Middlesex County",19,43,1277
18,057,12,071,FL,"Lee County",18,38,1187
18,057,27,053,MN,"Hennepin County",18,46,1240
18,057,48,439,TX,"Tarrant County",18,51,2033
18,057,12,011,FL,"Broward County",17,41,1329
18,057,17,019,IL,"Champaign County",17,31,940
18,057,18,107,IN,"Montgomery County",17,28,727
18,057,17,111,IL,"Mchenry County",16,40,1128
18,057,18,145,IN,"Shelby County",16,26,709
18,057,32,003,NV,"Clark County",16,38,790
18,057,48,113,TX,"Dallas County",16,35,1259
18,057,53,033,WA,"King County",16,40,1272
18,057,12,057,FL,"Hillsborough County",15,33,820
18,057,18,091,IN,"La Porte County",15,24,530
18,057,21,067,KY,"Fayette County",15,42,1166
18,057,42,003,PA,"Allegheny County",15,34,1625
18,057,17,197,IL,"Will County",14,39,1037
18,057,37,119,NC,"Mecklenburg County",14,39,1711
18,057,48,121,TX,"Denton County",14,37,1286
18,057,09,003,CT,"Hartford County",13,46,1819
18,057,12,117,FL,"Seminole County",13,33,944
18,057,17,089,IL,"Kane County",13,36,1289
18,057,18,017,IN,"Cass County",13,20,597
18,057,18,043,IN,"Floyd County",13,36,1334
18,057,18,085,IN,"Kosciusko County",13,19,583
18,057,26,081,MI,"Kent County",13,39,1170
18,057,29,183,MO,"St Charles County",13,31,1097
18,057,36,061,NY,"New York County",13,16,776
18,057,51,059,VA,"Fairfax County",13,32,1276
18,057,55,133,WI,"Waukesha County",13,35,1512
18,057,12,103,FL,"Pinellas County",12,23,552
18,057,13,067,GA,"Cobb County",12,29,1228
18,057,18,133,IN,"Putnam County",12,23,489
18,057,39,165,OH,"Warren County",12,29,1154
18,057,47,037,TN,"Davidson County",12,18,356
18,057,47,157,TN,"Shelby County",12,40,811
18,057,06,071,CA,"San Bernardino Count",11,31,1090
18,057,06,085,CA,"Santa Clara County",11,16,566
18,057,08,041,CO,"El Paso County",11,32,920
18,057,18,135,IN,"Randolph County",11,18,350
18,057,39,041,OH,"Delaware County",11,42,1553
18,057,48,085,TX,"Collin County",11,34,1409
18,057,48,453,TX,"Travis County",11,26,781
18,057,06,013,CA,"Contra Costa County",10,26,2641
18,057,08,005,CO,"Arapahoe County",10,17,551
18,057,08,031,CO,"Denver County",10,18,548
18,057,18,001,IN,"Adams County",10,15,273
18,057,18,031,IN,"Decatur County",10,17,659
18,057,18,037,IN,"Dubois County",10,13,226
18,057,18,073,IN,"Jasper County",10,13,626
18,057,18,173,IN,"Warrick County",10,20,576
18,057,19,163,IA,"Scott County",10,18,685
18,057,24,031,MD,"Montgomery County",10,18,942
18,057,29,095,MO,"Jackson County",10,31,848
18,057,36,081,NY,"Queens County",10,22,221
18,057,37,183,NC,"Wake County",10,24,685
18,057,39,057,OH,"Greene County",10,25,878
18,057,48,491,TX,"Williamson County",10,24,874
18,057,58,000,SS,"Other Flows - Same State",187,312,7708
18,057,59,000,DS,"Other Flows - Diff State",1487,3567,118340
18,057,59,001,DS,"Other Flows - Northeast",247,631,25728
18,057,59,003,DS,"Other Flows - Midwest",452,1064,34016
18,057,59,005,DS,"Other Flows - South",595,1417,44418
18,057,59,007,DS,"Other Flows - West",193,455,14179
18,057,57,009,FR,"Foreign - Other flows",41,86,2498
18,059,96,000,IN,"Hancock County Tot Mig-US & For",2128,4373,99397
18,059,97,000,IN,"Hancock County Tot Mig-US",2118,4359,99242
18,059,97,001,IN,"Hancock County Tot Mig-Same St",1752,3558,83182
18,059,97,003,IN,"Hancock County Tot Mig-Diff St",366,801,16060
18,059,98,000,IN,"Hancock County Tot Mig-Foreign",10,14,155
18,059,18,059,IN,"Hancock County Non-Migrants",22893,54290,1385999
18,059,18,097,IN,"Marion County",980,2042,41876
18,059,18,065,IN,"Henry County",131,258,4213
18,059,18,057,IN,"Hamilton County",114,230,16022
18,059,18,145,IN,"Shelby County",104,201,3711
18,059,18,095,IN,"Madison County",83,162,2702
18,059,18,081,IN,"Johnson County",50,103,2687
18,059,18,139,IN,"Rush County",41,74,1132
18,059,18,063,IN,"Hendricks County",27,49,1060
18,059,18,177,IN,"Wayne County",23,45,920
18,059,18,035,IN,"Delaware County",21,45,1018
18,059,18,003,IN,"Allen County",13,28,608
18,059,18,157,IN,"Tippecanoe County",11,16,356
18,059,18,105,IN,"Monroe County",10,16,317
18,059,58,000,SS,"Other Flows - Same State",144,289,6559
18,059,59,000,DS,"Other Flows - Diff State",366,801,16060
18,059,59,001,DS,"Other Flows - Northeast",24,47,937
18,059,59,003,DS,"Other Flows - Midwest",125,290,6904
18,059,59,005,DS,"Other Flows - South",168,366,6499
18,059,59,007,DS,"Other Flows - West",49,98,1720
18,059,57,009,FR,"Foreign - Other flows",10,14,155
18,061,96,000,IN,"Harrison County Tot Mig-US & For",942,1887,32227
18,061,97,000,IN,"Harrison County Tot Mig-US",942,1887,32227
18,061,97,001,IN,"Harrison County Tot Mig-Same St",580,1140,18560
18,061,97,003,IN,"Harrison County Tot Mig-Diff St",362,747,13667
18,061,18,061,IN,"Harrison County Non-Migrants",13219,30159,582001
18,061,18,043,IN,"Floyd County",237,443,7802
18,061,18,019,IN,"Clark County",124,266,3737
18,061,21,111,KY,"Jefferson County",117,220,5107
18,061,18,025,IN,"Crawford County",84,167,2340
18,061,18,175,IN,"Washington County",35,64,978
18,061,21,163,KY,"Meade County",10,23,219
18,061,58,000,SS,"Other Flows - Same State",100,200,3702
18,061,59,000,DS,"Other Flows - Diff State",235,504,8341
18,061,59,001,DS,"Other Flows - Northeast",22,54,961
18,061,59,003,DS,"Other Flows - Midwest",56,123,2013
18,061,59,005,DS,"Other Flows - South",129,270,4470
18,061,59,007,DS,"Other Flows - West",28,57,897
18,063,96,000,IN,"Hendricks Count Tot Mig-US & For",5300,10964,242028
18,063,97,000,IN,"Hendricks Count Tot Mig-US",5281,10933,241060
18,063,97,001,IN,"Hendricks Count Tot Mig-Same St",4288,8706,194971
18,063,97,003,IN,"Hendricks Count Tot Mig-Diff St",993,2227,46090
18,063,98,000,IN,"Hendricks Count Tot Mig-Foreign",19,31,968
18,063,18,063,IN,"Hendricks Count Non-Migrants",41341,100225,2509551
18,063,18,097,IN,"Marion County",2798,5719,127825
18,063,18,109,IN,"Morgan County",248,487,9541
18,063,18,133,IN,"Putnam County",170,344,6089
18,063,18,057,IN,"Hamilton County",140,273,7776
18,063,18,011,IN,"Boone County",132,275,6904
18,063,18,081,IN,"Johnson County",121,252,6143
18,063,18,167,IN,"Vigo County",57,108,2272
18,063,18,157,IN,"Tippecanoe County",54,97,2314
18,063,18,059,IN,"Hancock County",44,78,2275
18,063,18,105,IN,"Monroe County",41,64,1400
18,063,17,031,IL,"Cook County",33,58,1531
18,063,18,003,IN,"Allen County",33,95,2386
18,063,18,107,IN,"Montgomery County",27,63,1101
18,063,18,089,IN,"Lake County",26,58,1181
18,063,18,119,IN,"Owen County",25,45,771
18,063,18,035,IN,"Delaware County",24,48,1305
18,063,18,145,IN,"Shelby County",19,30,561
18,063,18,021,IN,"Clay County",18,42,772
18,063,18,163,IN,"Vanderburgh County",18,39,933
18,063,06,037,CA,"Los Angeles County",16,33,559
18,063,18,095,IN,"Madison County",16,40,834
18,063,18,121,IN,"Parke County",15,30,552
18,063,39,049,OH,"Franklin County",15,31,736
18,063,18,039,IN,"Elkhart County",14,25,770
18,063,06,071,CA,"San Bernardino Count",13,27,446
18,063,17,097,IL,"Lake County",13,37,-4751
18,063,18,067,IN,"Howard County",13,30,710
18,063,06,073,CA,"San Diego County",12,27,522
18,063,18,005,IN,"Bartholomew County",12,22,472
18,063,17,043,IL,"Du Page County",11,32,875
18,063,18,141,IN,"St Joseph County",11,30,621
18,063,18,165,IN,"Vermillion County",11,20,352
18,063,06,059,CA,"Orange County",10,12,383
18,063,17,019,IL,"Champaign County",10,18,724
18,063,18,013,IN,"Brown County",10,19,383
18,063,58,000,SS,"Other Flows - Same State",191,373,8728
18,063,59,000,DS,"Other Flows - Diff State",860,1952,45063
18,063,59,001,DS,"Other Flows - Northeast",90,205,5493
18,063,59,003,DS,"Other Flows - Midwest",284,649,16336
18,063,59,005,DS,"Other Flows - South",354,783,17477
18,063,59,007,DS,"Other Flows - West",132,315,5758
18,063,57,009,FR,"Foreign - Other flows",19,31,968
18,065,96,000,IN,"Henry County Tot Mig-US & For",940,2020,30896
18,065,97,000,IN,"Henry County Tot Mig-US",940,2020,30896
18,065,97,001,IN,"Henry County Tot Mig-Same St",741,1578,24999
18,065,97,003,IN,"Henry County Tot Mig-Diff St",199,442,5896
18,065,18,065,IN,"Henry County Non-Migrants",18214,40482,803155
18,065,18,095,IN,"Madison County",133,313,4685
18,065,18,035,IN,"Delaware County",112,240,3844
18,065,18,059,IN,"Hancock County",106,220,4000
18,065,18,097,IN,"Marion County",88,161,2296
18,065,18,177,IN,"Wayne County",81,172,2423
18,065,18,139,IN,"Rush County",32,79,1075
18,065,18,057,IN,"Hamilton County",26,46,1200
18,065,18,135,IN,"Randolph County",20,50,848
18,065,18,063,IN,"Hendricks County",10,25,473
18,065,58,000,SS,"Other Flows - Same State",133,272,4155
18,065,59,000,DS,"Other Flows - Diff State",199,442,5896
18,067,96,000,IN,"Howard County Tot Mig-US & For",1550,2986,51597
18,067,97,000,IN,"Howard County Tot Mig-US",1536,2970,51399
18,067,97,001,IN,"Howard County Tot Mig-Same St",1096,2099,36552
18,067,97,003,IN,"Howard County Tot Mig-Diff St",440,871,14848
18,067,98,000,IN,"Howard County Tot Mig-Foreign",14,16,198
18,067,18,067,IN,"Howard County Non-Migrants",32797,72374,1629482
18,067,18,103,IN,"Miami County",205,425,7069
18,067,18,159,IN,"Tipton County",123,251,4511
18,067,18,017,IN,"Cass County",121,211,3761
18,067,18,097,IN,"Marion County",105,164,3058
18,067,18,053,IN,"Grant County",74,164,2110
18,067,18,057,IN,"Hamilton County",56,109,2478
18,067,18,015,IN,"Carroll County",50,102,1874
18,067,18,157,IN,"Tippecanoe County",47,77,1398
18,067,18,095,IN,"Madison County",42,80,1723
18,067,18,023,IN,"Clinton County",34,66,1029
18,067,18,035,IN,"Delaware County",19,37,558
18,067,18,049,IN,"Fulton County",16,33,581
18,067,18,063,IN,"Hendricks County",13,29,447
18,067,18,003,IN,"Allen County",12,22,416
18,067,18,039,IN,"Elkhart County",12,28,338
18,067,17,031,IL,"Cook County",11,21,274
18,067,18,011,IN,"Boone County",11,24,359
18,067,18,141,IN,"St Joseph County",11,20,191
18,067,18,169,IN,"Wabash County",11,22,342
18,067,18,181,IN,"White County",10,20,332
18,067,58,000,SS,"Other Flows - Same State",124,215,3976
18,067,59,000,DS,"Other Flows - Diff State",429,850,14573
18,067,59,001,DS,"Other Flows - Northeast",39,91,1832
18,067,59,003,DS,"Other Flows - Midwest",134,274,5203
18,067,59,005,DS,"Other Flows - South",186,342,5664
18,067,59,007,DS,"Other Flows - West",70,143,1873
18,067,57,009,FR,"Foreign - Other flows",14,16,198
18,069,96,000,IN,"Huntington Coun Tot Mig-US & For",734,1396,23458
18,069,97,000,IN,"Huntington Coun Tot Mig-US",734,1396,23458
18,069,97,001,IN,"Huntington Coun Tot Mig-Same St",558,1016,18561
18,069,97,003,IN,"Huntington Coun Tot Mig-Diff St",176,380,4896
18,069,18,069,IN,"Huntington Coun Non-Migrants",14479,32849,637679
18,069,18,003,IN,"Allen County",176,307,8003
18,069,18,053,IN,"Grant County",83,170,2299
18,069,18,169,IN,"Wabash County",68,114,1529
18,069,18,179,IN,"Wells County",62,120,1535
18,069,18,183,IN,"Whitley County",22,38,755
18,069,18,009,IN,"Blackford County",17,29,538
18,069,18,113,IN,"Noble County",14,31,354
18,069,18,085,IN,"Kosciusko County",10,13,363
18,069,18,103,IN,"Miami County",10,17,227
18,069,58,000,SS,"Other Flows - Same State",96,177,2960
18,069,59,000,DS,"Other Flows - Diff State",176,380,4896
18,069,59,001,DS,"Other Flows - Northeast",10,21,457
18,069,59,003,DS,"Other Flows - Midwest",63,123,1650
18,069,59,005,DS,"Other Flows - South",77,184,2163
18,069,59,007,DS,"Other Flows - West",26,52,627
18,071,96,000,IN,"Jackson County Tot Mig-US & For",758,1536,22284
18,071,97,000,IN,"Jackson County Tot Mig-US",758,1536,22284
18,071,97,001,IN,"Jackson County Tot Mig-Same St",560,1122,16540
18,071,97,003,IN,"Jackson County Tot Mig-Diff St",198,414,5744
18,071,18,071,IN,"Jackson County Non-Migrants",13401,30039,556757
18,071,18,005,IN,"Bartholomew County",131,250,3950
18,071,18,079,IN,"Jennings County",112,218,2754
18,071,18,143,IN,"Scott County",65,145,1628
18,071,18,093,IN,"Lawrence County",36,74,1035
18,071,18,097,IN,"Marion County",30,48,843
18,071,18,175,IN,"Washington County",26,55,701
18,071,18,081,IN,"Johnson County",21,46,680
18,071,18,077,IN,"Jefferson County",17,29,485
18,071,58,000,SS,"Other Flows - Same State",122,257,4463
18,071,59,000,DS,"Other Flows - Diff State",198,414,5744
18,071,59,001,DS,"Other Flows - Northeast",15,25,449
18,071,59,003,DS,"Other Flows - Midwest",73,160,2378
18,071,59,005,DS,"Other Flows - South",85,177,2112
18,071,59,007,DS,"Other Flows - West",25,52,805
18,073,96,000,IN,"Jasper County Tot Mig-US & For",824,1770,28063
18,073,97,000,IN,"Jasper County Tot Mig-US",824,1770,28063
18,073,97,001,IN,"Jasper County Tot Mig-Same St",599,1287,20662
18,073,97,003,IN,"Jasper County Tot Mig-Diff St",225,483,7401
18,073,18,073,IN,"Jasper County Non-Migrants",11819,28495,544959
18,073,18,089,IN,"Lake County",242,587,10112
18,073,18,127,IN,"Porter County",95,171,3418
18,073,18,111,IN,"Newton County",87,177,2134
18,073,17,031,IL,"Cook County",51,113,1811
18,073,18,181,IN,"White County",36,84,1234
18,073,18,157,IN,"Tippecanoe County",25,53,686
18,073,18,131,IN,"Pulaski County",18,44,481
18,073,18,149,IN,"Starke County",17,35,383
18,073,18,097,IN,"Marion County",10,20,454
18,073,58,000,SS,"Other Flows - Same State",69,116,1760
18,073,59,000,DS,"Other Flows - Diff State",174,370,5589
18,075,96,000,IN,"Jay County Tot Mig-US & For",362,780,8572
18,075,97,000,IN,"Jay County Tot Mig-US",362,780,8572
18,075,97,001,IN,"Jay County Tot Mig-Same St",262,562,6067
18,075,97,003,IN,"Jay County Tot Mig-Diff St",100,218,2505
18,075,18,075,IN,"Jay County Non-Migrants",7397,17269,264277
18,075,18,035,IN,"Delaware County",63,137,1762
18,075,18,001,IN,"Adams County",48,129,895
18,075,18,009,IN,"Blackford County",40,87,842
18,075,18,135,IN,"Randolph County",34,60,722
18,075,18,179,IN,"Wells County",15,33,349
18,075,39,107,OH,"Mercer County",15,30,366
18,075,58,000,SS,"Other Flows - Same State",62,116,1498
18,075,59,000,DS,"Other Flows - Diff State",85,188,2138
18,077,96,000,IN,"Jefferson Count Tot Mig-US & For",662,1324,20057
18,077,97,000,IN,"Jefferson Count Tot Mig-US",651,1310,20009
18,077,97,001,IN,"Jefferson Count Tot Mig-Same St",387,782,11531
18,077,97,003,IN,"Jefferson Count Tot Mig-Diff St",264,528,8478
18,077,98,000,IN,"Jefferson Count Tot Mig-Foreign",11,14,48
18,077,18,077,IN,"Jefferson Count Non-Migrants",12195,26797,510141
18,077,18,143,IN,"Scott County",60,129,1557
18,077,18,079,IN,"Jennings County",49,93,1230
18,077,18,155,IN,"Switzerland County",47,82,1206
18,077,18,137,IN,"Ripley County",36,92,1225
18,077,21,223,KY,"Trimble County",29,59,657
18,077,18,019,IN,"Clark County",24,52,748
18,077,21,111,KY,"Jefferson County",23,39,897
18,077,21,041,KY,"Carroll County",22,38,698
18,077,18,071,IN,"Jackson County",20,39,557
18,077,18,097,IN,"Marion County",20,37,654
18,077,18,029,IN,"Dearborn County",17,36,516
18,077,18,105,IN,"Monroe County",11,14,287
18,077,58,000,SS,"Other Flows - Same State",103,208,3550
18,077,59,000,DS,"Other Flows - Diff State",190,392,6226
18,077,59,001,DS,"Other Flows - Northeast",11,17,482
18,077,59,003,DS,"Other Flows - Midwest",61,123,2196
18,077,59,005,DS,"Other Flows - South",106,222,2940
18,077,59,007,DS,"Other Flows - West",12,30,608
18,077,57,009,FR,"Foreign - Other flows",11,14,48
18,079,96,000,IN,"Jennings County Tot Mig-US & For",640,1318,16152
18,079,97,000,IN,"Jennings County Tot Mig-US",640,1318,16152
18,079,97,001,IN,"Jennings County Tot Mig-Same St",510,1048,13069
18,079,97,003,IN,"Jennings County Tot Mig-Diff St",130,270,3084
18,079,18,079,IN,"Jennings County Non-Migrants",9348,21659,351607
18,079,18,005,IN,"Bartholomew County",141,291,3241
18,079,18,071,IN,"Jackson County",100,194,2573
18,079,18,077,IN,"Jefferson County",52,114,1492
18,079,18,097,IN,"Marion County",35,75,1077
18,079,18,137,IN,"Ripley County",33,68,875
18,079,18,031,IN,"Decatur County",31,77,878
18,079,18,143,IN,"Scott County",19,52,478
18,079,58,000,SS,"Other Flows - Same State",99,177,2455
18,079,59,000,DS,"Other Flows - Diff State",130,270,3084
18,081,96,000,IN,"Johnson County Tot Mig-US & For",4644,8827,178495
18,081,97,000,IN,"Johnson County Tot Mig-US",4625,8794,178039
18,081,97,001,IN,"Johnson County Tot Mig-Same St",3775,7027,142118
18,081,97,003,IN,"Johnson County Tot Mig-Diff St",850,1767,35921
18,081,98,000,IN,"Johnson County Tot Mig-Foreign",19,33,457
18,081,18,081,IN,"Johnson County Non-Migrants",42233,99187,2463103
18,081,18,097,IN,"Marion County",2314,4292,86230
18,081,18,005,IN,"Bartholomew County",214,432,7262
18,081,18,109,IN,"Morgan County",151,296,6954
18,081,18,013,IN,"Brown County",135,270,4332
18,081,18,063,IN,"Hendricks County",126,269,6091
18,081,18,105,IN,"Monroe County",102,153,3579
18,081,18,145,IN,"Shelby County",87,166,2595
18,081,18,057,IN,"Hamilton County",69,114,3315
18,081,18,059,IN,"Hancock County",57,108,2695
18,081,18,167,IN,"Vigo County",31,51,1077
18,081,18,035,IN,"Delaware County",24,39,639
18,081,18,157,IN,"Tippecanoe County",24,42,795
18,081,18,071,IN,"Jackson County",23,47,1137
18,081,18,095,IN,"Madison County",23,38,603
18,081,18,003,IN,"Allen County",22,40,889
18,081,18,011,IN,"Boone County",21,35,839
18,081,21,111,KY,"Jefferson County",21,31,695
18,081,18,133,IN,"Putnam County",19,43,560
18,081,18,031,IN,"Decatur County",18,31,719
18,081,18,079,IN,"Jennings County",16,41,495
18,081,12,103,FL,"Pinellas County",15,28,418
18,081,18,141,IN,"St Joseph County",15,24,788
18,081,18,163,IN,"Vanderburgh County",15,30,631
18,081,17,031,IL,"Cook County",14,39,564
18,081,04,013,AZ,"Maricopa County",13,23,569
18,081,18,067,IN,"Howard County",13,28,316
18,081,18,089,IN,"Lake County",13,24,490
18,081,39,061,OH,"Hamilton County",12,20,518
18,081,18,055,IN,"Greene County",11,17,599
18,081,18,127,IN,"Porter County",11,24,485
18,081,06,037,CA,"Los Angeles County",10,18,421
18,081,12,115,FL,"Sarasota County",10,14,193
18,081,18,117,IN,"Orange County",10,20,240
18,081,18,177,IN,"Wayne County",10,11,298
18,081,39,049,OH,"Franklin County",10,25,382
18,081,58,000,SS,"Other Flows - Same State",201,342,7465
18,081,59,000,DS,"Other Flows - Diff State",745,1569,32160
18,081,59,001,DS,"Other Flows - Northeast",73,167,4808
18,081,59,003,DS,"Other Flows - Midwest",217,425,10738
18,081,59,005,DS,"Other Flows - South",355,773,13141
18,081,59,007,DS,"Other Flows - West",100,204,3473
18,081,57,009,FR,"Foreign - Other flows",19,33,457
18,083,96,000,IN,"Knox County Tot Mig-US & For",715,1361,19251
18,083,97,000,IN,"Knox County Tot Mig-US",704,1348,19135
18,083,97,001,IN,"Knox County Tot Mig-Same St",408,752,10674
18,083,97,003,IN,"Knox County Tot Mig-Diff St",296,596,8460
18,083,98,000,IN,"Knox County Tot Mig-Foreign",11,13,117
18,083,18,083,IN,"Knox County Non-Migrants",12872,28170,521549
18,083,18,027,IN,"Daviess County",64,124,1242
18,083,17,101,IL,"Lawrence County",52,104,929
18,083,18,163,IN,"Vanderburgh County",29,46,857
18,083,18,055,IN,"Greene County",27,63,740
18,083,18,125,IN,"Pike County",27,50,590
18,083,18,153,IN,"Sullivan County",27,54,767
18,083,18,051,IN,"Gibson County",25,58,1044
18,083,18,167,IN,"Vigo County",20,32,508
18,083,18,105,IN,"Monroe County",16,25,403
18,083,18,097,IN,"Marion County",15,25,319
18,083,17,033,IL,"Crawford County",14,31,231
18,083,17,159,IL,"Richland County",11,26,184
18,083,18,109,IN,"Morgan County",11,20,281
18,083,58,000,SS,"Other Flows - Same State",147,255,3925
18,083,59,000,DS,"Other Flows - Diff State",219,435,7116
18,083,59,001,DS,"Other Flows - Northeast",10,23,639
18,083,59,003,DS,"Other Flows - Midwest",66,118,1788
18,083,59,005,DS,"Other Flows - South",117,228,3879
18,083,59,007,DS,"Other Flows - West",26,66,810
18,083,57,009,FR,"Foreign - Other flows",11,13,117
18,085,96,000,IN,"Kosciusko Count Tot Mig-US & For",1545,3053,56819
18,085,97,000,IN,"Kosciusko Count Tot Mig-US",1534,3031,56455
18,085,97,001,IN,"Kosciusko Count Tot Mig-Same St",1056,2049,37678
18,085,97,003,IN,"Kosciusko Count Tot Mig-Diff St",478,982,18777
18,085,98,000,IN,"Kosciusko Count Tot Mig-Foreign",11,22,364
18,085,18,085,IN,"Kosciusko Count Non-Migrants",26970,63372,1364621
18,085,18,039,IN,"Elkhart County",212,433,9422
18,085,18,183,IN,"Whitley County",98,186,3596
18,085,18,099,IN,"Marshall County",88,196,2999
18,085,18,003,IN,"Allen County",85,157,3735
18,085,18,049,IN,"Fulton County",85,181,2539
18,085,18,169,IN,"Wabash County",85,148,2429
18,085,18,113,IN,"Noble County",70,137,1668
18,085,18,141,IN,"St Joseph County",40,62,1328
18,085,18,053,IN,"Grant County",27,69,978
18,085,18,035,IN,"Delaware County",25,41,771
18,085,17,031,IL,"Cook County",24,47,636
18,085,18,095,IN,"Madison County",21,30,793
18,085,18,069,IN,"Huntington County",20,34,784
18,085,18,097,IN,"Marion County",20,27,504
18,085,18,089,IN,"Lake County",15,21,453
18,085,18,087,IN,"Lagrange County",13,28,314
18,085,18,103,IN,"Miami County",13,31,320
18,085,06,037,CA,"Los Angeles County",12,32,583
18,085,18,067,IN,"Howard County",12,25,498
18,085,18,157,IN,"Tippecanoe County",11,13,207
18,085,18,057,IN,"Hamilton County",10,19,754
18,085,58,000,SS,"Other Flows - Same State",106,211,3585
18,085,59,000,DS,"Other Flows - Diff State",442,903,17558
18,085,59,001,DS,"Other Flows - Northeast",31,56,1729
18,085,59,003,DS,"Other Flows - Midwest",172,330,7451
18,085,59,005,DS,"Other Flows - South",176,374,5774
18,085,59,007,DS,"Other Flows - West",63,143,2605
18,085,57,009,FR,"Foreign - Other flows",11,22,364
18,087,96,000,IN,"Lagrange County Tot Mig-US & For",735,1598,23610
18,087,97,000,IN,"Lagrange County Tot Mig-US",735,1598,23610
18,087,97,001,IN,"Lagrange County Tot Mig-Same St",505,1107,17690
18,087,97,003,IN,"Lagrange County Tot Mig-Diff St",230,491,5920
18,087,18,087,IN,"Lagrange County Non-Migrants",11878,30928,494614
18,087,18,113,IN,"Noble County",151,329,4218
18,087,18,039,IN,"Elkhart County",134,346,5261
18,087,26,149,MI,"St Joseph County",69,147,1640
18,087,18,003,IN,"Allen County",56,101,2812
18,087,18,151,IN,"Steuben County",56,108,1495
18,087,18,033,IN,"De Kalb County",31,63,953
18,087,18,085,IN,"Kosciusko County",13,26,368
18,087,58,000,SS,"Other Flows - Same State",64,134,2583
18,087,59,000,DS,"Other Flows - Diff State",161,344,4280
18,087,59,001,DS,"Other Flows - Northeast",14,40,352
18,087,59,003,DS,"Other Flows - Midwest",82,182,2618
18,087,59,005,DS,"Other Flows - South",46,89,967
18,087,59,007,DS,"Other Flows - West",19,33,343
18,089,96,000,IN,"Lake County Tot Mig-US & For",8379,17598,296494
18,089,97,000,IN,"Lake County Tot Mig-US",8329,17525,295431
18,089,97,001,IN,"Lake County Tot Mig-Same St",2103,3968,66464
18,089,97,003,IN,"Lake County Tot Mig-Diff St",6226,13557,228968
18,089,98,000,IN,"Lake County Tot Mig-Foreign",50,73,1063
18,089,18,089,IN,"Lake County Non-Migrants",173057,383382,8076944
18,089,17,031,IL,"Cook County",3675,8461,139657
18,089,18,127,IN,"Porter County",1115,2159,38970
18,089,17,197,IL,"Will County",229,488,11206
18,089,18,097,IN,"Marion County",207,397,4433
18,089,18,073,IN,"Jasper County",121,237,4461
18,089,18,091,IN,"La Porte County",120,216,3592
18,089,17,043,IL,"Du Page County",111,204,4883
18,089,18,157,IN,"Tippecanoe County",83,138,1845
18,089,18,111,IN,"Newton County",65,121,1958
18,089,04,013,AZ,"Maricopa County",62,126,1697
18,089,32,003,NV,"Clark County",46,95,1335
18,089,18,105,IN,"Monroe County",43,58,758
18,089,55,079,WI,"Milwaukee County",42,101,998
18,089,06,037,CA,"Los Angeles County",36,76,929
18,089,18,003,IN,"Allen County",35,70,1275
18,089,27,053,MN,"Hennepin County",35,74,960
18,089,48,201,TX,"Harris County",33,65,994
18,089,18,141,IN,"St Joseph County",32,67,1152
18,089,06,073,CA,"San Diego County",31,53,934
18,089,17,091,IL,"Kankakee County",30,68,1383
18,089,17,097,IL,"Lake County",30,63,1240
18,089,18,035,IN,"Delaware County",27,43,862
18,089,57,005,FR,"Foreign - APO/FPO ZIPs",27,35,462
18,089,26,163,MI,"Wayne County",25,54,1042
18,089,18,039,IN,"Elkhart County",24,45,545
18,089,17,089,IL,"Kane County",23,45,1197
18,089,18,149,IN,"Starke County",21,32,509
18,089,39,035,OH,"Cuyahoga County",18,36,912
18,089,48,027,TX,"Bell County",18,38,357
18,089,13,089,GA,"De Kalb County",17,29,296
18,089,47,037,TN,"Davidson County",17,25,423
18,089,48,113,TX,"Dallas County",17,37,303
18,089,06,059,CA,"Orange County",15,27,219
18,089,12,011,FL,"Broward County",15,25,284
18,089,12,103,FL,"Pinellas County",15,28,550
18,089,15,003,HI,"Honolulu County",15,27,373
18,089,18,057,IN,"Hamilton County",15,28,644
18,089,26,081,MI,"Kent County",15,36,579
18,089,18,063,IN,"Hendricks County",14,29,352
18,089,26,077,MI,"Kalamazoo County",14,26,541
18,089,39,049,OH,"Franklin County",14,28,343
18,089,12,031,FL,"Duval County",13,25,239
18,089,12,095,FL,"Orange County",13,30,299
18,089,17,201,IL,"Winnebago County",13,21,306
18,089,39,061,OH,"Hamilton County",13,29,350
18,089,48,439,TX,"Tarrant County",13,27,199
18,089,12,057,FL,"Hillsborough County",12,15,294
18,089,12,099,FL,"Palm Beach County",12,29,267
18,089,17,111,IL,"Mchenry County",12,27,359
18,089,18,167,IN,"Vigo County",12,15,151
18,089,47,157,TN,"Shelby County",12,33,161
18,089,13,121,GA,"Fulton County",11,16,267
18,089,18,181,IN,"White County",11,20,282
18,089,29,189,MO,"St Louis County",11,23,794
18,089,48,029,TX,"Bexar County",11,24,225
18,089,18,099,IN,"Marshall County",10,14,184
18,089,18,131,IN,"Pulaski County",10,17,246
18,089,26,021,MI,"Berrien County",10,21,401
18,089,27,123,MN,"Ramsey County",10,24,120
18,089,53,033,WA,"King County",10,19,539
18,089,53,053,WA,"Pierce County",10,21,325
18,089,58,000,SS,"Other Flows - Same State",138,262,4244
18,089,59,000,DS,"Other Flows - Diff State",1442,2838,50190
18,089,59,001,DS,"Other Flows - Northeast",168,358,7846
18,089,59,003,DS,"Other Flows - Midwest",449,874,16564
18,089,59,005,DS,"Other Flows - South",649,1237,19157
18,089,59,007,DS,"Other Flows - West",176,369,6622
18,089,57,009,FR,"Foreign - Other flows",23,38,601
18,091,96,000,IN,"La Porte County Tot Mig-US & For",1774,3423,58605
18,091,97,000,IN,"La Porte County Tot Mig-US",1762,3408,57656
18,091,97,001,IN,"La Porte County Tot Mig-Same St",1000,1906,33020
18,091,97,003,IN,"La Porte County Tot Mig-Diff St",762,1502,24636
18,091,98,000,IN,"La Porte County Tot Mig-Foreign",12,15,949
18,091,18,091,IN,"La Porte County Non-Migrants",39591,86830,1764437
18,091,18,127,IN,"Porter County",371,737,13702
18,091,18,089,IN,"Lake County",177,332,5382
18,091,18,141,IN,"St Joseph County",170,333,6326
18,091,17,031,IL,"Cook County",147,263,5754
18,091,26,021,MI,"Berrien County",84,162,2121
18,091,18,149,IN,"Starke County",45,84,1217
18,091,18,097,IN,"Marion County",39,65,715
18,091,18,099,IN,"Marshall County",25,46,811
18,091,17,043,IL,"Du Page County",23,56,1608
18,091,18,039,IN,"Elkhart County",22,46,655
18,091,18,157,IN,"Tippecanoe County",19,28,735
18,091,04,013,AZ,"Maricopa County",13,27,384
18,091,18,003,IN,"Allen County",11,17,266
18,091,17,197,IL,"Will County",10,26,659
18,091,18,105,IN,"Monroe County",10,15,292
18,091,58,000,SS,"Other Flows - Same State",111,203,2918
18,091,59,000,DS,"Other Flows - Diff State",485,968,14111
18,091,59,001,DS,"Other Flows - Northeast",30,45,962
18,091,59,003,DS,"Other Flows - Midwest",170,352,5350
18,091,59,005,DS,"Other Flows - South",194,393,4900
18,091,59,007,DS,"Other Flows - West",91,178,2899
18,091,57,009,FR,"Foreign - Other flows",12,15,949
18,093,96,000,IN,"Lawrence County Tot Mig-US & For",701,1399,21122
18,093,97,000,IN,"Lawrence County Tot Mig-US",701,1399,21122
18,093,97,001,IN,"Lawrence County Tot Mig-Same St",506,996,14378
18,093,97,003,IN,"Lawrence County Tot Mig-Diff St",195,403,6744
18,093,18,093,IN,"Lawrence County Non-Migrants",16592,37336,695187
18,093,18,105,IN,"Monroe County",185,355,5429
18,093,18,117,IN,"Orange County",71,144,1641
18,093,18,097,IN,"Marion County",33,55,922
18,093,18,055,IN,"Greene County",32,70,901
18,093,18,071,IN,"Jackson County",25,46,840
18,093,18,101,IN,"Martin County",21,42,664
18,093,18,175,IN,"Washington County",13,30,469
18,093,58,000,SS,"Other Flows - Same State",126,254,3512
18,093,59,000,DS,"Other Flows - Diff State",195,403,6744
18,093,59,001,DS,"Other Flows - Northeast",13,26,361
18,093,59,003,DS,"Other Flows - Midwest",45,88,1597
18,093,59,005,DS,"Other Flows - South",92,187,3165
18,093,59,007,DS,"Other Flows - West",45,102,1620
18,095,96,000,IN,"Madison County Tot Mig-US & For",2348,4496,76305
18,095,97,000,IN,"Madison County Tot Mig-US",2324,4456,76043
18,095,97,001,IN,"Madison County Tot Mig-Same St",1688,3171,58236
18,095,97,003,IN,"Madison County Tot Mig-Diff St",636,1285,17807
18,095,98,000,IN,"Madison County Tot Mig-Foreign",24,40,262
18,095,18,095,IN,"Madison County Non-Migrants",47272,100932,2009485
18,095,18,035,IN,"Delaware County",333,642,9259
18,095,18,097,IN,"Marion County",331,603,14975
18,095,18,057,IN,"Hamilton County",294,578,12602
18,095,18,065,IN,"Henry County",123,245,3780
18,095,18,059,IN,"Hancock County",72,147,2258
18,095,18,053,IN,"Grant County",68,122,2368
18,095,18,159,IN,"Tipton County",47,89,1333
18,095,18,067,IN,"Howard County",45,81,1525
18,095,18,003,IN,"Allen County",33,54,742
18,095,18,081,IN,"Johnson County",22,47,829
18,095,18,063,IN,"Hendricks County",17,34,580
18,095,18,105,IN,"Monroe County",17,27,364
18,095,17,031,IL,"Cook County",16,30,465
18,095,18,085,IN,"Kosciusko County",16,22,316
18,095,18,145,IN,"Shelby County",16,27,279
18,095,18,177,IN,"Wayne County",16,28,489
18,095,18,157,IN,"Tippecanoe County",15,25,328
18,095,18,167,IN,"Vigo County",14,23,382
18,095,04,013,AZ,"Maricopa County",13,26,201
18,095,06,073,CA,"San Diego County",12,24,311
18,095,06,037,CA,"Los Angeles County",10,29,322
18,095,12,105,FL,"Polk County",10,19,336
18,095,18,135,IN,"Randolph County",10,19,313
18,095,58,000,SS,"Other Flows - Same State",199,358,5516
18,095,59,000,DS,"Other Flows - Diff State",575,1157,16172
18,095,59,001,DS,"Other Flows - Northeast",31,61,699
18,095,59,003,DS,"Other Flows - Midwest",194,375,5692
18,095,59,005,DS,"Other Flows - South",294,607,7970
18,095,59,007,DS,"Other Flows - West",56,114,1812
18,095,57,009,FR,"Foreign - Other flows",24,40,262
18,097,96,000,IN,"Marion County Tot Mig-US & For",21603,35961,726334
18,097,97,000,IN,"Marion County Tot Mig-US",21243,35423,718544
18,097,97,001,IN,"Marion County Tot Mig-Same St",13523,21680,444231
18,097,97,003,IN,"Marion County Tot Mig-Diff St",7720,13743,274313
18,097,98,000,IN,"Marion County Tot Mig-Foreign",360,538,7790
18,097,18,097,IN,"Marion County Non-Migrants",306763,641135,14395631
18,097,18,057,IN,"Hamilton County",2146,3294,100389
18,097,18,081,IN,"Johnson County",1956,3491,64658
18,097,18,063,IN,"Hendricks County",1600,2667,50161
18,097,18,059,IN,"Hancock County",762,1229,24806
18,097,18,109,IN,"Morgan County",529,956,15557
18,097,17,031,IL,"Cook County",470,872,15845
18,097,18,105,IN,"Monroe County",470,642,12612
18,097,18,089,IN,"Lake County",460,847,10625
18,097,18,157,IN,"Tippecanoe County",411,600,12772
18,097,18,011,IN,"Boone County",385,577,18319
18,097,18,095,IN,"Madison County",377,587,10856
18,097,18,035,IN,"Delaware County",339,485,8104
18,097,18,003,IN,"Allen County",336,495,8938
18,097,18,167,IN,"Vigo County",256,382,6488
18,097,18,145,IN,"Shelby County",244,419,8149
18,097,18,141,IN,"St Joseph County",239,408,7240
18,097,18,133,IN,"Putnam County",180,310,4938
18,097,18,067,IN,"Howard County",172,281,5348
18,097,18,005,IN,"Bartholomew County",168,260,5631
18,097,06,037,CA,"Los Angeles County",167,341,5476
18,097,18,163,IN,"Vanderburgh County",153,231,4334
18,097,39,049,OH,"Franklin County",124,198,4700
18,097,18,177,IN,"Wayne County",121,174,2988
18,097,18,039,IN,"Elkhart County",115,182,3487
18,097,39,061,OH,"Hamilton County",110,172,4169
18,097,18,127,IN,"Porter County",107,152,2874
18,097,04,013,AZ,"Maricopa County",102,169,2787
18,097,18,053,IN,"Grant County",101,172,2967
18,097,18,065,IN,"Henry County",101,137,2762
18,097,18,091,IN,"La Porte County",97,160,2050
18,097,57,005,FR,"Foreign - APO/FPO ZIPs",97,173,2665
18,097,21,111,KY,"Jefferson County",88,146,3714
18,097,18,013,IN,"Brown County",87,155,3368
18,097,17,043,IL,"Du Page County",81,144,4058
18,097,06,073,CA,"San Diego County",80,152,2721
18,097,39,113,OH,"Montgomery County",78,136,2609
18,097,18,119,IN,"Owen County",72,137,1987
18,097,48,113,TX,"Dallas County",72,134,2441
18,097,26,163,MI,"Wayne County",70,137,2721
18,097,48,201,TX,"Harris County",70,134,2111
18,097,29,189,MO,"St Louis County",67,104,2343
18,097,39,035,OH,"Cuyahoga County",63,101,2608
18,097,47,037,TN,"Davidson County",63,105,2422
18,097,18,107,IN,"Montgomery County",62,99,1680
18,097,26,125,MI,"Oakland County",61,84,3140
18,097,18,031,IN,"Decatur County",58,84,1604
18,097,12,103,FL,"Pinellas County",57,87,1735
18,097,18,023,IN,"Clinton County",57,109,1669
18,097,18,017,IN,"Cass County",56,83,1400
18,097,55,079,WI,"Milwaukee County",55,109,1854
18,097,18,083,IN,"Knox County",53,66,1101
18,097,17,019,IL,"Champaign County",52,92,1451
18,097,26,077,MI,"Kalamazoo County",52,83,3536
18,097,26,021,MI,"Berrien County",50,99,1329
18,097,18,019,IN,"Clark County",49,81,1623
18,097,12,086,FL,"Miami Dade County",48,88,1729
18,097,18,093,IN,"Lawrence County",48,74,1253
18,097,06,059,CA,"Orange County",47,109,1962
18,097,12,071,FL,"Lee County",47,63,1535
18,097,26,081,MI,"Kent County",46,74,1836
18,097,18,021,IN,"Clay County",44,82,1566
18,097,17,183,IL,"Vermilion County",43,74,1004
18,097,18,085,IN,"Kosciusko County",43,57,1691
18,097,18,139,IN,"Rush County",43,70,1300
18,097,32,003,NV,"Clark County",43,74,1108
18,097,18,071,IN,"Jackson County",42,52,895
18,097,12,057,FL,"Hillsborough County",41,63,1414
18,097,27,053,MN,"Hennepin County",41,80,2228
18,097,13,121,GA,"Fulton County",40,69,1456
18,097,18,037,IN,"Dubois County",40,47,1116
18,097,18,103,IN,"Miami County",40,57,803
18,097,36,061,NY,"New York County",40,61,1586
18,097,47,157,TN,"Shelby County",40,74,1582
18,097,26,065,MI,"Ingham County",39,73,1146
18,097,12,011,FL,"Broward County",38,67,1688
18,097,18,041,IN,"Fayette County",38,55,976
18,097,17,097,IL,"Lake County",37,70,2493
18,097,39,095,OH,"Lucas County",37,59,1049
18,097,13,089,GA,"De Kalb County",36,67,1410
18,097,39,017,OH,"Butler County",36,53,1294
18,097,18,173,IN,"Warrick County",35,52,1072
18,097,18,047,IN,"Franklin County",34,44,1090
18,097,36,047,NY,"Kings County",34,62,770
18,097,36,081,NY,"Queens County",34,84,1026
18,097,53,033,WA,"King County",34,49,1283
18,097,13,067,GA,"Cobb County",33,55,1193
18,097,17,113,IL,"Mclean County",33,60,1260
18,097,17,197,IL,"Will County",33,62,1119
18,097,18,015,IN,"Carroll County",33,62,1219
18,097,12,095,FL,"Orange County",32,59,1533
18,097,17,115,IL,"Macon County",32,70,1027
18,097,18,079,IN,"Jennings County",32,52,721
18,097,21,067,KY,"Fayette County",32,53,1075
18,097,48,439,TX,"Tarrant County",32,57,1269
18,097,18,121,IN,"Parke County",31,45,658
18,097,18,159,IN,"Tipton County",31,41,918
18,097,26,161,MI,"Washtenaw County",31,48,1279
18,097,42,003,PA,"Allegheny County",31,46,1162
18,097,18,099,IN,"Marshall County",30,39,842
18,097,18,029,IN,"Dearborn County",29,42,765
18,097,25,017,MA,"Middlesex County",29,47,1285
18,097,26,049,MI,"Genesee County",29,59,805
18,097,48,453,TX,"Travis County",29,53,1096
18,097,06,071,CA,"San Bernardino Count",28,64,852
18,097,18,043,IN,"Floyd County",27,33,808
18,097,18,055,IN,"Greene County",27,52,776
18,097,18,073,IN,"Jasper County",27,37,585
18,097,18,077,IN,"Jefferson County",27,33,835
18,097,48,027,TX,"Bell County",27,57,990
18,097,06,001,CA,"Alameda County",26,39,910
18,097,06,085,CA,"Santa Clara County",26,44,1526
18,097,17,143,IL,"Peoria County",26,40,710
18,097,18,135,IN,"Randolph County",26,31,513
18,097,25,025,MA,"Suffolk County",26,52,1245
18,097,08,041,CO,"El Paso County",25,52,801
18,097,04,019,AZ,"Pima County",24,41,530
18,097,12,081,FL,"Manatee County",24,35,979
18,097,31,055,NE,"Douglas County",24,44,1108
18,097,08,031,CO,"Denver County",23,38,861
18,097,12,031,FL,"Duval County",23,39,651
18,097,12,099,FL,"Palm Beach County",23,36,870
18,097,13,135,GA,"Gwinnett County",23,33,590
18,097,18,027,IN,"Daviess County",23,35,648
18,097,18,181,IN,"White County",23,35,628
18,097,19,153,IA,"Polk County",23,27,919
18,097,26,099,MI,"Macomb County",23,40,1110
18,097,36,005,NY,"Bronx County",23,61,524
18,097,36,059,NY,"Nassau County",23,46,530
18,097,11,001,DC,"District Of Columbia",22,28,1082
18,097,12,117,FL,"Seminole County",22,37,558
18,097,18,045,IN,"Fountain County",22,34,541
18,097,27,123,MN,"Ramsey County",22,41,930
18,097,37,051,NC,"Cumberland County",22,38,508
18,097,37,133,NC,"Onslow County",22,47,418
18,097,51,059,VA,"Fairfax County",22,41,1835
18,097,12,105,FL,"Polk County",21,47,740
18,097,12,115,FL,"Sarasota County",21,32,1323
18,097,17,167,IL,"Sangamon County",21,34,768
18,097,18,049,IN,"Fulton County",21,30,538
18,097,18,169,IN,"Wabash County",21,27,528
18,097,24,033,MD,"Prince George's Coun",21,37,548
18,097,34,023,NJ,"Middlesex County",21,36,744
18,097,39,153,OH,"Summit County",21,42,1072
18,097,42,101,PA,"Philadelphia County",21,42,683
18,097,45,079,SC,"Richland County",21,40,735
18,097,48,141,TX,"El Paso County",21,48,522
18,097,48,215,TX,"Hidalgo County",21,48,471
18,097,17,201,IL,"Winnebago County",20,39,692
18,097,18,153,IN,"Sullivan County",20,26,475
18,097,21,093,KY,"Hardin County",20,39,653
18,097,41,051,OR,"Multnomah County",20,22,601
18,097,55,025,WI,"Dane County",20,37,730
18,097,17,089,IL,"Kane County",19,36,915
18,097,18,033,IN,"De Kalb County",19,24,466
18,097,18,051,IN,"Gibson County",19,32,438
18,097,20,091,KS,"Johnson County",19,36,719
18,097,20,173,KS,"Sedgwick County",19,31,449
18,097,29,510,MO,"St Louis",19,31,699
18,097,37,183,NC,"Wake County",19,28,860
18,097,40,109,OK,"Oklahoma County",19,36,478
18,097,51,810,VA,"Virginia Beach",19,30,492
18,097,12,015,FL,"Charlotte County",18,36,528
18,097,18,069,IN,"Huntington County",18,23,405
18,097,18,183,IN,"Whitley County",18,25,434
18,097,37,119,NC,"Mecklenburg County",18,36,993
18,097,40,143,OK,"Tulsa County",18,37,688
18,097,48,121,TX,"Denton County",18,38,759
18,097,06,067,CA,"Sacramento County",17,41,474
18,097,09,003,CT,"Hartford County",17,37,673
18,097,09,009,CT,"New Haven County",17,33,976
18,097,12,009,FL,"Brevard County",17,31,354
18,097,17,091,IL,"Kankakee County",17,29,551
18,097,18,137,IN,"Ripley County",17,29,435
18,097,18,151,IN,"Steuben County",17,18,418
18,097,18,175,IN,"Washington County",17,27,397
18,097,24,031,MD,"Montgomery County",17,29,1064
18,097,39,057,OH,"Greene County",17,28,441
18,097,53,053,WA,"Pierce County",17,35,517
18,097,01,089,AL,"Madison County",16,26,638
18,097,08,005,CO,"Arapahoe County",16,24,621
18,097,12,021,FL,"Collier County",16,30,1035
18,097,15,003,HI,"Honolulu County",16,35,484
18,097,18,001,IN,"Adams County",16,23,515
18,097,24,005,MD,"Baltimore County",16,32,1954
18,097,34,013,NJ,"Essex County",16,36,344
18,097,36,103,NY,"Suffolk County",16,34,521
18,097,57,003,FR,"Foreign - Puerto Rico",16,70,223
18,097,05,119,AR,"Pulaski County",15,24,548
18,097,06,075,CA,"San Francisco County",15,27,578
18,097,09,001,CT,"Fairfield County",15,24,562
18,097,17,029,IL,"Coles County",15,22,430
18,097,18,075,IN,"Jay County",15,24,367
18,097,18,113,IN,"Noble County",15,18,232
18,097,18,129,IN,"Posey County",15,18,515
18,097,25,027,MA,"Worcester County",15,26,470
18,097,26,145,MI,"Saginaw County",15,30,481
18,097,29,095,MO,"Jackson County",15,32,555
18,097,47,125,TN,"Montgomery County",15,36,333
18,097,48,029,TX,"Bexar County",15,26,1293
18,097,12,097,FL,"Osceola County",14,24,385
18,097,26,139,MI,"Ottawa County",14,22,613
18,097,29,183,MO,"St Charles County",14,22,956
18,097,37,063,NC,"Durham County",14,27,769
18,097,41,067,OR,"Washington County",14,23,455
18,097,06,013,CA,"Contra Costa County",13,19,516
18,097,06,065,CA,"Riverside County",13,33,436
18,097,06,111,CA,"Ventura County",13,29,844
18,097,08,059,CO,"Jefferson County",13,20,479
18,097,17,077,IL,"Jackson County",13,17,254
18,097,18,009,IN,"Blackford County",13,18,284
18,097,18,131,IN,"Pulaski County",13,17,392
18,097,21,227,KY,"Warren County",13,21,299
18,097,24,510,MD,Baltimore,13,26,683
18,097,39,165,OH,"Warren County",13,24,578
18,097,48,061,TX,"Cameron County",13,29,172
18,097,55,133,WI,"Waukesha County",13,19,747
18,097,12,001,FL,"Alachua County",12,15,323
18,097,12,127,FL,"Volusia County",12,20,504
18,097,18,061,IN,"Harrison County",12,20,235
18,097,18,147,IN,"Spencer County",12,15,349
18,097,18,179,IN,"Wells County",12,21,379
18,097,22,071,LA,"Orleans Parish",12,20,236
18,097,29,019,MO,"Boone County",12,18,550
18,097,29,077,MO,"Greene County",12,14,165
18,097,34,021,NJ,"Mercer County",12,16,470
18,097,35,001,NM,"Bernalillo County",12,20,456
18,097,36,067,NY,"Onondaga County",12,20,369
18,097,37,081,NC,"Guilford County",12,23,272
18,097,39,041,OH,"Delaware County",12,18,611
18,097,42,091,PA,"Montgomery County",12,16,1686
18,097,45,045,SC,"Greenville County",12,17,587
18,097,47,093,TN,"Knox County",12,23,391
18,097,48,085,TX,"Collin County",12,19,458
18,097,51,710,VA,Norfolk,12,27,211
18,097,01,073,AL,"Jefferson County",11,22,322
18,097,06,081,CA,"San Mateo County",11,21,1056
18,097,08,013,CO,"Boulder County",11,18,362
18,097,13,063,GA,"Clayton County",11,26,310
18,097,13,179,GA,"Liberty County",11,17,150
18,097,17,163,IL,"St Clair County",11,17,419
18,097,20,061,KS,"Geary County",11,29,200
18,097,26,045,MI,"Eaton County",11,22,487
18,097,29,031,MO,"Cape Girardeau Count",11,13,223
18,097,34,017,NJ,"Hudson County",11,14,619
18,097,36,071,NY,"Orange County",11,16,192
18,097,39,003,OH,"Allen County",11,20,249
18,097,47,065,TN,"Hamilton County",11,20,281
18,097,48,157,TX,"Fort Bend County",11,19,323
18,097,49,035,UT,"Salt Lake County",11,29,234
18,097,51,013,VA,"Arlington County",11,22,632
18,097,08,001,CO,"Adams County",10,20,422
18,097,12,033,FL,"Escambia County",10,16,198
18,097,12,069,FL,"Lake County",10,13,276
18,097,12,073,FL,"Leon County",10,15,317
18,097,12,101,FL,"Pasco County",10,18,232
18,097,13,215,GA,"Muscogee County",10,24,218
18,097,18,123,IN,"Perry County",10,11,237
18,097,18,149,IN,"Starke County",10,11,338
18,097,19,163,IA,"Scott County",10,18,287
18,097,21,015,KY,"Boone County",10,16,322
18,097,21,059,KY,"Daviess County",10,19,199
18,097,39,039,OH,"Defiance County",10,15,351
18,097,39,139,OH,"Richland County",10,14,169
18,097,39,151,OH,"Stark County",10,20,265
18,097,42,043,PA,"Dauphin County",10,19,216
18,097,47,149,TN,"Rutherford County",10,20,364
18,097,58,000,SS,"Other Flows - Same State",79,110,2150
18,097,59,000,DS,"Other Flows - Diff State",2365,4184,76674
18,097,59,001,DS,"Other Flows - Northeast",334,545,15736
18,097,59,003,DS,"Other Flows - Midwest",720,1193,22681
18,097,59,005,DS,"Other Flows - South",1035,1927,29245
18,097,59,007,DS,"Other Flows - West",276,519,9012
18,097,57,009,FR,"Foreign - Other flows",247,295,4902
18,099,96,000,IN,"Marshall County Tot Mig-US & For",1015,2222,32033
18,099,97,000,IN,"Marshall County Tot Mig-US",1015,2222,32033
18,099,97,001,IN,"Marshall County Tot Mig-Same St",743,1616,23214
18,099,97,003,IN,"Marshall County Tot Mig-Diff St",272,606,8819
18,099,18,099,IN,"Marshall County Non-Migrants",16540,39234,738798
18,099,18,141,IN,"St Joseph County",242,565,8440
18,099,18,149,IN,"Starke County",110,228,2688
18,099,18,039,IN,"Elkhart County",89,209,2916
18,099,18,085,IN,"Kosciusko County",84,197,2490
18,099,18,049,IN,"Fulton County",58,111,1665
18,099,17,031,IL,"Cook County",34,68,1191
18,099,18,091,IN,"La Porte County",24,50,552
18,099,18,003,IN,"Allen County",17,30,397
18,099,18,127,IN,"Porter County",14,29,669
18,099,18,097,IN,"Marion County",11,14,379
18,099,18,131,IN,"Pulaski County",10,27,339
18,099,58,000,SS,"Other Flows - Same State",84,156,2679
18,099,59,000,DS,"Other Flows - Diff State",238,538,7627
18,099,59,001,DS,"Other Flows - Northeast",18,44,994
18,099,59,003,DS,"Other Flows - Midwest",93,218,3396
18,099,59,005,DS,"Other Flows - South",76,136,1792
18,099,59,007,DS,"Other Flows - West",51,140,1446
18,101,96,000,IN,"Martin County Tot Mig-US & For",199,411,5962
18,101,97,000,IN,"Martin County Tot Mig-US",199,411,5962
18,101,97,001,IN,"Martin County Tot Mig-Same St",145,291,4258
18,101,97,003,IN,"Martin County Tot Mig-Diff St",54,120,1704
18,101,18,101,IN,"Martin County Non-Migrants",3599,8151,144405
18,101,18,027,IN,"Daviess County",35,74,826
18,101,18,093,IN,"Lawrence County",21,41,734
18,101,18,037,IN,"Dubois County",17,37,597
18,101,18,105,IN,"Monroe County",11,25,366
18,101,58,000,SS,"Other Flows - Same State",61,114,1735
18,101,59,000,DS,"Other Flows - Diff State",54,120,1704
18,103,96,000,IN,"Miami County Tot Mig-US & For",784,1628,26469
18,103,97,000,IN,"Miami County Tot Mig-US",784,1628,26469
18,103,97,001,IN,"Miami County Tot Mig-Same St",599,1229,21498
18,103,97,003,IN,"Miami County Tot Mig-Diff St",185,399,4971
18,103,18,103,IN,"Miami County Non-Migrants",11620,26524,476272
18,103,18,067,IN,"Howard County",156,347,9045
18,103,18,017,IN,"Cass County",100,193,2349
18,103,18,169,IN,"Wabash County",55,121,1888
18,103,18,049,IN,"Fulton County",52,102,1309
18,103,18,053,IN,"Grant County",44,98,1410
18,103,18,097,IN,"Marion County",17,30,511
18,103,18,085,IN,"Kosciusko County",15,27,431
18,103,18,157,IN,"Tippecanoe County",12,18,319
18,103,18,141,IN,"St Joseph County",10,20,247
18,103,58,000,SS,"Other Flows - Same State",138,273,3990
18,103,59,000,DS,"Other Flows - Diff State",185,399,4971
18,103,59,001,DS,"Other Flows - Northeast",18,39,610
18,103,59,003,DS,"Other Flows - Midwest",72,161,1917
18,103,59,005,DS,"Other Flows - South",68,143,1676
18,103,59,007,DS,"Other Flows - West",27,56,767
18,105,96,000,IN,"Monroe County Tot Mig-US & For",4271,6622,122135
18,105,97,000,IN,"Monroe County Tot Mig-US",3797,6104,119773
18,105,97,001,IN,"Monroe County Tot Mig-Same St",2017,3263,56938
18,105,97,003,IN,"Monroe County Tot Mig-Diff St",1780,2841,62835
18,105,98,000,IN,"Monroe County Tot Mig-Foreign",474,518,2362
18,105,18,105,IN,"Monroe County Non-Migrants",36584,73222,1846145
18,105,18,097,IN,"Marion County",300,437,9280
18,105,18,093,IN,"Lawrence County",177,338,5168
18,105,18,055,IN,"Greene County",176,334,4589
18,105,18,119,IN,"Owen County",157,317,4255
18,105,17,031,IL,"Cook County",87,131,3045
18,105,18,013,IN,"Brown County",82,138,2817
18,105,18,003,IN,"Allen County",77,97,1556
18,105,18,109,IN,"Morgan County",64,114,1828
18,105,18,057,IN,"Hamilton County",55,86,2719
18,105,18,141,IN,"St Joseph County",54,77,1161
18,105,18,005,IN,"Bartholomew County",53,78,1244
18,105,18,163,IN,"Vanderburgh County",53,70,923
18,105,18,081,IN,"Johnson County",50,75,1903
18,105,18,089,IN,"Lake County",50,85,1479
18,105,18,167,IN,"Vigo County",44,60,990
18,105,18,063,IN,"Hendricks County",41,80,1735
18,105,18,127,IN,"Porter County",41,54,788
18,105,18,157,IN,"Tippecanoe County",35,50,1570
18,105,06,037,CA,"Los Angeles County",29,41,1169
18,105,21,111,KY,"Jefferson County",28,39,653
18,105,18,035,IN,"Delaware County",27,35,551
18,105,18,039,IN,"Elkhart County",23,30,359
18,105,06,073,CA,"San Diego County",22,39,902
18,105,18,091,IN,"La Porte County",20,25,354
18,105,39,049,OH,"Franklin County",20,25,591
18,105,39,061,OH,"Hamilton County",20,27,652
18,105,26,161,MI,"Washtenaw County",19,33,901
18,105,55,025,WI,"Dane County",19,24,557
18,105,18,067,IN,"Howard County",18,24,542
18,105,36,061,NY,"New York County",18,21,478
18,105,18,043,IN,"Floyd County",17,23,497
18,105,18,117,IN,"Orange County",17,33,658
18,105,53,033,WA,"King County",17,25,647
18,105,06,001,CA,"Alameda County",16,28,381
18,105,18,083,IN,"Knox County",16,26,626
18,105,04,013,AZ,"Maricopa County",15,28,729
18,105,18,027,IN,"Daviess County",15,24,288
18,105,18,037,IN,"Dubois County",15,18,319
18,105,18,071,IN,"Jackson County",15,23,394
18,105,18,095,IN,"Madison County",15,29,519
18,105,18,133,IN,"Putnam County",15,19,337
18,105,25,017,MA,"Middlesex County",15,20,556
18,105,26,125,MI,"Oakland County",15,19,446
18,105,48,201,TX,"Harris County",15,21,382
18,105,06,085,CA,"Santa Clara County",14,21,636
18,105,13,089,GA,"De Kalb County",14,21,532
18,105,18,021,IN,"Clay County",14,26,509
18,105,18,059,IN,"Hancock County",14,20,347
18,105,49,049,UT,"Utah County",14,31,226
18,105,17,019,IL,"Champaign County",13,18,236
18,105,18,177,IN,"Wayne County",13,22,191
18,105,57,005,FR,"Foreign - APO/FPO ZIPs",13,24,396
18,105,08,031,CO,"Denver County",12,12,184
18,105,29,189,MO,"St Louis County",12,17,535
18,105,04,019,AZ,"Pima County",11,11,163
18,105,12,103,FL,"Pinellas County",11,21,358
18,105,17,043,IL,"Du Page County",11,17,467
18,105,18,011,IN,"Boone County",11,17,214
18,105,18,077,IN,"Jefferson County",11,24,222
18,105,27,053,MN,"Hennepin County",11,16,418
18,105,42,003,PA,"Allegheny County",11,17,224
18,105,06,075,CA,"San Francisco County",10,10,306
18,105,08,013,CO,"Boulder County",10,13,368
18,105,18,031,IN,"Decatur County",10,19,277
18,105,18,153,IN,"Sullivan County",10,17,305
18,105,41,051,OR,"Multnomah County",10,17,264
18,105,48,029,TX,"Bexar County",10,17,219
18,105,48,453,TX,"Travis County",10,11,232
18,105,49,035,UT,"Salt Lake County",10,17,233
18,105,51,059,VA,"Fairfax County",10,19,455
18,105,55,079,WI,"Milwaukee County",10,12,384
18,105,58,000,SS,"Other Flows - Same State",212,319,5424
18,105,59,000,DS,"Other Flows - Diff State",1211,2002,44304
18,105,59,001,DS,"Other Flows - Northeast",202,325,9314
18,105,59,003,DS,"Other Flows - Midwest",343,512,12468
18,105,59,005,DS,"Other Flows - South",490,834,16143
18,105,59,007,DS,"Other Flows - West",176,331,6379
18,105,57,009,FR,"Foreign - Other flows",461,494,1966
18,107,96,000,IN,"Montgomery Coun Tot Mig-US & For",746,1402,23856
18,107,97,000,IN,"Montgomery Coun Tot Mig-US",730,1380,23664
18,107,97,001,IN,"Montgomery Coun Tot Mig-Same St",560,1051,17322
18,107,97,003,IN,"Montgomery Coun Tot Mig-Diff St",170,329,6343
18,107,98,000,IN,"Montgomery Coun Tot Mig-Foreign",16,22,192
18,107,18,107,IN,"Montgomery Coun Non-Migrants",12576,28412,538617
18,107,18,157,IN,"Tippecanoe County",95,163,2802
18,107,18,045,IN,"Fountain County",90,173,2452
18,107,18,097,IN,"Marion County",64,123,2262
18,107,18,011,IN,"Boone County",61,100,1712
18,107,18,133,IN,"Putnam County",43,86,1109
18,107,18,063,IN,"Hendricks County",31,55,854
18,107,18,121,IN,"Parke County",19,40,573
18,107,18,023,IN,"Clinton County",15,27,366
18,107,18,057,IN,"Hamilton County",13,22,628
18,107,58,000,SS,"Other Flows - Same State",129,262,4564
18,107,59,000,DS,"Other Flows - Diff State",170,329,6343
18,107,59,001,DS,"Other Flows - Northeast",26,49,1145
18,107,59,003,DS,"Other Flows - Midwest",53,111,2551
18,107,59,005,DS,"Other Flows - South",61,116,1864
18,107,59,007,DS,"Other Flows - West",30,53,783
18,107,57,009,FR,"Foreign - Other flows",16,22,192
18,109,96,000,IN,"Morgan County Tot Mig-US & For",1664,3394,65515
18,109,97,000,IN,"Morgan County Tot Mig-US",1664,3394,65515
18,109,97,001,IN,"Morgan County Tot Mig-Same St",1349,2770,53392
18,109,97,003,IN,"Morgan County Tot Mig-Diff St",315,624,12123
18,109,18,109,IN,"Morgan County Non-Migrants",21207,49727,1056143
18,109,18,097,IN,"Marion County",563,1170,22685
18,109,18,063,IN,"Hendricks County",217,436,8722
18,109,18,081,IN,"Johnson County",147,304,6219
18,109,18,105,IN,"Monroe County",88,190,3364
18,109,18,013,IN,"Brown County",43,103,1430
18,109,18,119,IN,"Owen County",43,99,1227
18,109,18,057,IN,"Hamilton County",33,63,1685
18,109,18,133,IN,"Putnam County",17,34,488
18,109,18,005,IN,"Bartholomew County",14,23,393
18,109,18,011,IN,"Boone County",14,24,470
18,109,18,093,IN,"Lawrence County",12,29,456
18,109,18,145,IN,"Shelby County",11,20,487
18,109,58,000,SS,"Other Flows - Same State",147,275,5767
18,109,59,000,DS,"Other Flows - Diff State",315,624,12123
18,109,59,001,DS,"Other Flows - Northeast",29,58,1731
18,109,59,003,DS,"Other Flows - Midwest",99,176,4387
18,109,59,005,DS,"Other Flows - South",145,316,4357
18,109,59,007,DS,"Other Flows - West",42,74,1648
18,111,96,000,IN,"Newton County Tot Mig-US & For",336,679,9893
18,111,97,000,IN,"Newton County Tot Mig-US",336,679,9893
18,111,97,001,IN,"Newton County Tot Mig-Same St",234,479,7021
18,111,97,003,IN,"Newton County Tot Mig-Diff St",102,200,2871
18,111,18,111,IN,"Newton County Non-Migrants",3996,9084,168417
18,111,18,089,IN,"Lake County",91,214,3337
18,111,18,073,IN,"Jasper County",70,135,1973
18,111,17,075,IL,"Iroquois County",25,56,537
18,111,17,031,IL,"Cook County",19,34,588
18,111,18,007,IN,"Benton County",19,41,483
18,111,18,157,IN,"Tippecanoe County",18,27,375
18,111,58,000,SS,"Other Flows - Same State",36,62,853
18,111,59,000,DS,"Other Flows - Diff State",58,110,1746
18,113,96,000,IN,"Noble County Tot Mig-US & For",967,2009,27958
18,113,97,000,IN,"Noble County Tot Mig-US",967,2009,27958
18,113,97,001,IN,"Noble County Tot Mig-Same St",767,1563,22983
18,113,97,003,IN,"Noble County Tot Mig-Diff St",200,446,4975
18,113,18,113,IN,"Noble County Non-Migrants",15837,37526,675072
18,113,18,003,IN,"Allen County",196,385,6646
18,113,18,033,IN,"De Kalb County",140,278,3650
18,113,18,087,IN,"Lagrange County",128,298,4090
18,113,18,085,IN,"Kosciusko County",74,159,2214
18,113,18,183,IN,"Whitley County",60,114,1803
18,113,18,039,IN,"Elkhart County",53,103,1539
18,113,18,151,IN,"Steuben County",33,64,811
18,113,58,000,SS,"Other Flows - Same State",83,162,2230
18,113,59,000,DS,"Other Flows - Diff State",200,446,4975
18,113,59,001,DS,"Other Flows - Northeast",13,31,296
18,113,59,003,DS,"Other Flows - Midwest",89,194,2180
18,113,59,005,DS,"Other Flows - South",69,141,1674
18,113,59,007,DS,"Other Flows - West",29,80,824
18,115,96,000,IN,"Ohio County Tot Mig-US & For",178,368,5894
18,115,97,000,IN,"Ohio County Tot Mig-US",178,368,5894
18,115,97,001,IN,"Ohio County Tot Mig-Same St",110,218,3417
18,115,97,003,IN,"Ohio County Tot Mig-Diff St",68,150,2477
18,115,18,115,IN,"Ohio County Non-Migrants",1884,4101,78987
18,115,18,029,IN,"Dearborn County",53,103,1451
18,115,18,155,IN,"Switzerland County",36,72,1208
18,115,39,061,OH,"Hamilton County",21,39,627
18,115,58,000,SS,"Other Flows - Same State",21,43,758
18,115,59,000,DS,"Other Flows - Diff State",47,111,1850
18,117,96,000,IN,"Orange County Tot Mig-US & For",353,729,8853
18,117,97,000,IN,"Orange County Tot Mig-US",353,729,8853
18,117,97,001,IN,"Orange County Tot Mig-Same St",264,567,6534
18,117,97,003,IN,"Orange County Tot Mig-Diff St",89,162,2319
18,117,18,117,IN,"Orange County Non-Migrants",6325,14400,225690
18,117,18,093,IN,"Lawrence County",71,163,1518
18,117,18,175,IN,"Washington County",28,50,807
18,117,18,037,IN,"Dubois County",27,53,490
18,117,18,025,IN,"Crawford County",21,48,666
18,117,18,101,IN,"Martin County",12,27,217
18,117,58,000,SS,"Other Flows - Same State",105,226,2835
18,117,59,000,DS,"Other Flows - Diff State",89,162,2319
18,119,96,000,IN,"Owen County Tot Mig-US & For",607,1285,17325
18,119,97,000,IN,"Owen County Tot Mig-US",607,1285,17325
18,119,97,001,IN,"Owen County Tot Mig-Same St",512,1071,13764
18,119,97,003,IN,"Owen County Tot Mig-Diff St",95,214,3561
18,119,18,119,IN,"Owen County Non-Migrants",6819,15582,267452
18,119,18,105,IN,"Monroe County",141,289,3355
18,119,18,097,IN,"Marion County",98,202,3250
18,119,18,133,IN,"Putnam County",62,122,1477
18,119,18,109,IN,"Morgan County",42,107,1124
18,119,18,063,IN,"Hendricks County",33,65,835
18,119,18,021,IN,"Clay County",26,60,690
18,119,18,055,IN,"Greene County",21,52,519
18,119,18,167,IN,"Vigo County",14,22,374
18,119,58,000,SS,"Other Flows - Same State",75,152,2141
18,119,59,000,DS,"Other Flows - Diff State",95,214,3561
18,121,96,000,IN,"Parke County Tot Mig-US & For",356,735,9794
18,121,97,000,IN,"Parke County Tot Mig-US",356,735,9794
18,121,97,001,IN,"Parke County Tot Mig-Same St",290,587,8156
18,121,97,003,IN,"Parke County Tot Mig-Diff St",66,148,1637
18,121,18,121,IN,"Parke County Non-Migrants",5169,11844,202565
18,121,18,167,IN,"Vigo County",76,147,2262
18,121,18,165,IN,"Vermillion County",51,106,1295
18,121,18,021,IN,"Clay County",22,52,558
18,121,18,097,IN,"Marion County",22,42,379
18,121,18,133,IN,"Putnam County",14,22,473
18,121,18,045,IN,"Fountain County",13,34,355
18,121,18,107,IN,"Montgomery County",12,28,401
18,121,58,000,SS,"Other Flows - Same State",80,156,2434
18,121,59,000,DS,"Other Flows - Diff State",66,148,1637
18,123,96,000,IN,"Perry County Tot Mig-US & For",304,608,9112
18,123,97,000,IN,"Perry County Tot Mig-US",304,608,9112
18,123,97,001,IN,"Perry County Tot Mig-Same St",171,340,4997
18,123,97,003,IN,"Perry County Tot Mig-Diff St",133,268,4114
18,123,18,123,IN,"Perry County Non-Migrants",6576,14524,266870
18,123,18,147,IN,"Spencer County",58,126,1706
18,123,18,037,IN,"Dubois County",30,56,1011
18,123,21,091,KY,"Hancock County",30,64,873
18,123,18,163,IN,"Vanderburgh County",16,21,395
18,123,21,059,KY,"Daviess County",13,25,276
18,123,18,025,IN,"Crawford County",11,26,192
18,123,58,000,SS,"Other Flows - Same State",56,111,1694
18,123,59,000,DS,"Other Flows - Diff State",90,179,2966
18,125,96,000,IN,"Pike County Tot Mig-US & For",230,517,6945
18,125,97,000,IN,"Pike County Tot Mig-US",230,517,6945
18,125,97,001,IN,"Pike County Tot Mig-Same St",195,438,6065
18,125,97,003,IN,"Pike County Tot Mig-Diff St",35,79,880
18,125,18,125,IN,"Pike County Non-Migrants",3972,9005,163414
18,125,18,037,IN,"Dubois County",56,123,1746
18,125,18,051,IN,"Gibson County",39,75,1268
18,125,18,027,IN,"Daviess County",22,65,636
18,125,18,163,IN,"Vanderburgh County",17,37,504
18,125,18,083,IN,"Knox County",12,25,538
18,125,58,000,SS,"Other Flows - Same State",49,113,1372
18,125,59,000,DS,"Other Flows - Diff State",35,79,880
18,127,96,000,IN,"Porter County Tot Mig-US & For",3923,8035,168861
18,127,97,000,IN,"Porter County Tot Mig-US",3897,7999,168412
18,127,97,001,IN,"Porter County Tot Mig-Same St",2545,5160,100110
18,127,97,003,IN,"Porter County Tot Mig-Diff St",1352,2839,68302
18,127,98,000,IN,"Porter County Tot Mig-Foreign",26,36,449
18,127,18,127,IN,"Porter County Non-Migrants",49966,114092,2876103
18,127,18,089,IN,"Lake County",1766,3715,70824
18,127,17,031,IL,"Cook County",379,856,19595
18,127,18,091,IN,"La Porte County",290,542,10790
18,127,18,073,IN,"Jasper County",101,208,3681
18,127,17,043,IL,"Du Page County",52,112,2880
18,127,18,097,IN,"Marion County",48,78,2265
18,127,18,157,IN,"Tippecanoe County",46,58,1036
18,127,18,141,IN,"St Joseph County",38,74,1846
18,127,18,149,IN,"Starke County",34,61,1214
18,127,04,013,AZ,"Maricopa County",23,45,937
18,127,18,003,IN,"Allen County",21,40,1016
18,127,18,039,IN,"Elkhart County",19,36,618
18,127,18,105,IN,"Monroe County",19,30,333
18,127,18,111,IN,"Newton County",18,29,657
18,127,06,037,CA,"Los Angeles County",16,31,510
18,127,17,197,IL,"Will County",16,42,997
18,127,06,073,CA,"San Diego County",14,24,521
18,127,18,131,IN,"Pulaski County",14,22,307
18,127,18,099,IN,"Marshall County",13,32,623
18,127,18,057,IN,"Hamilton County",12,29,491
18,127,57,005,FR,"Foreign - APO/FPO ZIPs",12,18,316
18,127,17,097,IL,"Lake County",11,21,717
18,127,26,021,MI,"Berrien County",11,19,400
18,127,26,081,MI,"Kent County",11,21,504
18,127,55,079,WI,"Milwaukee County",11,15,359
18,127,12,011,FL,"Broward County",10,19,424
18,127,58,000,SS,"Other Flows - Same State",106,206,4409
18,127,59,000,DS,"Other Flows - Diff State",798,1634,40458
18,127,59,001,DS,"Other Flows - Northeast",84,178,5989
18,127,59,003,DS,"Other Flows - Midwest",298,611,15120
18,127,59,005,DS,"Other Flows - South",306,627,11843
18,127,59,007,DS,"Other Flows - West",110,218,7506
18,127,57,009,FR,"Foreign - Other flows",14,18,133
18,129,96,000,IN,"Posey County Tot Mig-US & For",689,1379,26271
18,129,97,000,IN,"Posey County Tot Mig-US",689,1379,26271
18,129,97,001,IN,"Posey County Tot Mig-Same St",463,918,16607
18,129,97,003,IN,"Posey County Tot Mig-Diff St",226,461,9664
18,129,18,129,IN,"Posey County Non-Migrants",10577,24836,558909
18,129,18,163,IN,"Vanderburgh County",328,648,11577
18,129,18,173,IN,"Warrick County",34,69,1502
18,129,18,051,IN,"Gibson County",24,53,887
18,129,17,193,IL,"White County",16,28,528
18,129,18,097,IN,"Marion County",11,18,378
18,129,58,000,SS,"Other Flows - Same State",66,130,2263
18,129,59,000,DS,"Other Flows - Diff State",210,433,9136
18,129,59,001,DS,"Other Flows - Northeast",22,35,704
18,129,59,003,DS,"Other Flows - Midwest",76,156,3658
18,129,59,005,DS,"Other Flows - South",93,199,4067
18,129,59,007,DS,"Other Flows - West",19,43,707
18,131,96,000,IN,"Pulaski County Tot Mig-US & For",316,659,8517
18,131,97,000,IN,"Pulaski County Tot Mig-US",316,659,8517
18,131,97,001,IN,"Pulaski County Tot Mig-Same St",257,537,6829
18,131,97,003,IN,"Pulaski County Tot Mig-Diff St",59,122,1688
18,131,18,131,IN,"Pulaski County Non-Migrants",4562,10775,177668
18,131,18,149,IN,"Starke County",66,155,1659
18,131,18,073,IN,"Jasper County",23,44,613
18,131,18,181,IN,"White County",23,42,652
18,131,18,049,IN,"Fulton County",21,47,435
18,131,18,089,IN,"Lake County",18,32,518
18,131,18,099,IN,"Marshall County",18,47,286
18,131,18,017,IN,"Cass County",17,31,628
18,131,18,127,IN,"Porter County",17,32,567
18,131,18,157,IN,"Tippecanoe County",14,25,437
18,131,58,000,SS,"Other Flows - Same State",40,82,1034
18,131,59,000,DS,"Other Flows - Diff State",59,122,1688
18,133,96,000,IN,"Putnam County Tot Mig-US & For",910,1845,31159
18,133,97,000,IN,"Putnam County Tot Mig-US",886,1817,30760
18,133,97,001,IN,"Putnam County Tot Mig-Same St",700,1432,23618
18,133,97,003,IN,"Putnam County Tot Mig-Diff St",186,385,7141
18,133,98,000,IN,"Putnam County Tot Mig-Foreign",24,28,399
18,133,18,133,IN,"Putnam County Non-Migrants",11579,26779,505261
18,133,18,063,IN,"Hendricks County",171,359,7162
18,133,18,097,IN,"Marion County",170,340,5836
18,133,18,119,IN,"Owen County",56,113,1413
18,133,18,021,IN,"Clay County",52,110,1535
18,133,18,107,IN,"Montgomery County",44,84,1302
18,133,18,109,IN,"Morgan County",36,89,1058
18,133,18,167,IN,"Vigo County",23,47,677
18,133,18,081,IN,"Johnson County",15,27,600
18,133,18,057,IN,"Hamilton County",14,22,426
18,133,18,011,IN,"Boone County",10,23,323
18,133,18,105,IN,"Monroe County",10,10,300
18,133,18,121,IN,"Parke County",10,25,443
18,133,18,157,IN,"Tippecanoe County",10,27,304
18,133,58,000,SS,"Other Flows - Same State",79,156,2238
18,133,59,000,DS,"Other Flows - Diff State",186,385,7141
18,133,59,001,DS,"Other Flows - Northeast",12,24,528
18,133,59,003,DS,"Other Flows - Midwest",55,109,2674
18,133,59,005,DS,"Other Flows - South",87,189,2997
18,133,59,007,DS,"Other Flows - West",32,63,943
18,133,57,009,FR,"Foreign - Other flows",24,28,399
18,135,96,000,IN,"Randolph County Tot Mig-US & For",518,1086,14617
18,135,97,000,IN,"Randolph County Tot Mig-US",518,1086,14617
18,135,97,001,IN,"Randolph County Tot Mig-Same St",345,749,10289
18,135,97,003,IN,"Randolph County Tot Mig-Diff St",173,337,4329
18,135,18,135,IN,"Randolph County Non-Migrants",9451,21063,354404
18,135,18,035,IN,"Delaware County",130,276,4308
18,135,18,177,IN,"Wayne County",69,168,2046
18,135,39,037,OH,"Darke County",68,139,1466
18,135,18,075,IN,"Jay County",42,98,942
18,135,18,065,IN,"Henry County",21,38,545
18,135,18,097,IN,"Marion County",16,26,388
18,135,58,000,SS,"Other Flows - Same State",67,143,2058
18,135,59,000,DS,"Other Flows - Diff State",105,198,2862
18,137,96,000,IN,"Ripley County Tot Mig-US & For",535,1122,16384
18,137,97,000,IN,"Ripley County Tot Mig-US",535,1122,16384
18,137,97,001,IN,"Ripley County Tot Mig-Same St",371,764,10765
18,137,97,003,IN,"Ripley County Tot Mig-Diff St",164,358,5619
18,137,18,137,IN,"Ripley County Non-Migrants",6765,15663,275753
18,137,18,029,IN,"Dearborn County",155,342,5031
18,137,18,031,IN,"Decatur County",53,109,1329
18,137,18,047,IN,"Franklin County",51,107,1550
18,137,39,061,OH,"Hamilton County",49,111,1752
18,137,18,077,IN,"Jefferson County",22,46,437
18,137,18,155,IN,"Switzerland County",17,39,412
18,137,18,097,IN,"Marion County",10,20,343
18,137,58,000,SS,"Other Flows - Same State",63,101,1663
18,137,59,000,DS,"Other Flows - Diff State",115,247,3867
18,139,96,000,IN,"Rush County Tot Mig-US & For",364,742,11601
18,139,97,000,IN,"Rush County Tot Mig-US",364,742,11601
18,139,97,001,IN,"Rush County Tot Mig-Same St",315,645,10375
18,139,97,003,IN,"Rush County Tot Mig-Diff St",49,97,1226
18,139,18,139,IN,"Rush County Non-Migrants",5883,13221,228283
18,139,18,145,IN,"Shelby County",59,118,1789
18,139,18,031,IN,"Decatur County",41,87,1363
18,139,18,097,IN,"Marion County",39,77,1284
18,139,18,041,IN,"Fayette County",38,84,1015
18,139,18,065,IN,"Henry County",36,75,1400
18,139,18,059,IN,"Hancock County",27,61,1121
18,139,18,047,IN,"Franklin County",22,50,636
18,139,58,000,SS,"Other Flows - Same State",53,93,1766
18,139,59,000,DS,"Other Flows - Diff State",49,97,1226
18,141,96,000,IN,"St Joseph Count Tot Mig-US & For",4784,8684,165438
18,141,97,000,IN,"St Joseph Count Tot Mig-US",4558,8431,163283
18,141,97,001,IN,"St Joseph Count Tot Mig-Same St",1839,3380,61097
18,141,97,003,IN,"St Joseph Count Tot Mig-Diff St",2719,5051,102185
18,141,98,000,IN,"St Joseph Count Tot Mig-Foreign",226,253,2156
18,141,18,141,IN,"St Joseph Count Non-Migrants",91853,201554,4495653
18,141,18,039,IN,"Elkhart County",698,1314,23502
18,141,26,021,MI,"Berrien County",342,666,10619
18,141,18,099,IN,"Marshall County",219,429,7086
18,141,17,031,IL,"Cook County",207,369,7492
18,141,18,091,IN,"La Porte County",202,366,6478
18,141,26,027,MI,"Cass County",139,241,4537
18,141,18,097,IN,"Marion County",123,211,4556
18,141,18,003,IN,"Allen County",67,118,2444
18,141,18,089,IN,"Lake County",58,113,1770
18,141,18,127,IN,"Porter County",54,101,2526
18,141,18,085,IN,"Kosciusko County",52,89,1174
18,141,18,157,IN,"Tippecanoe County",43,66,1448
18,141,18,149,IN,"Starke County",38,75,905
18,141,26,081,MI,"Kent County",36,71,1347
18,141,26,077,MI,"Kalamazoo County",34,63,1132
18,141,04,013,AZ,"Maricopa County",32,58,1705
18,141,06,073,CA,"San Diego County",31,49,925
18,141,17,043,IL,"Du Page County",29,56,1665
18,141,39,049,OH,"Franklin County",26,48,1890
18,141,06,037,CA,"Los Angeles County",23,40,712
18,141,18,057,IN,"Hamilton County",23,51,1021
18,141,26,125,MI,"Oakland County",23,47,1843
18,141,26,149,MI,"St Joseph County",23,39,739
18,141,18,035,IN,"Delaware County",22,36,565
18,141,18,049,IN,"Fulton County",21,33,564
18,141,18,105,IN,"Monroe County",21,35,446
18,141,26,163,MI,"Wayne County",21,37,844
18,141,17,197,IL,"Will County",20,40,763
18,141,32,003,NV,"Clark County",18,34,402
18,141,26,161,MI,"Washtenaw County",17,29,1000
18,141,06,059,CA,"Orange County",16,39,445
18,141,18,067,IN,"Howard County",15,32,472
18,141,39,095,OH,"Lucas County",15,24,600
18,141,04,019,AZ,"Pima County",14,25,655
18,141,08,041,CO,"El Paso County",14,25,481
18,141,12,103,FL,"Pinellas County",14,21,561
18,141,17,097,IL,"Lake County",14,34,604
18,141,39,035,OH,"Cuyahoga County",14,23,478
18,141,57,005,FR,"Foreign - APO/FPO ZIPs",14,25,388
18,141,06,085,CA,"Santa Clara County",13,18,734
18,141,25,017,MA,"Middlesex County",13,22,489
18,141,48,113,TX,"Dallas County",13,19,295
18,141,48,201,TX,"Harris County",13,22,681
18,141,53,033,WA,"King County",13,24,361
18,141,06,065,CA,"Riverside County",12,22,366
18,141,06,071,CA,"San Bernardino Count",12,28,556
18,141,18,167,IN,"Vigo County",12,21,366
18,141,21,067,KY,"Fayette County",12,29,381
18,141,26,065,MI,"Ingham County",12,18,780
18,141,51,059,VA,"Fairfax County",12,35,1226
18,141,55,079,WI,"Milwaukee County",12,19,411
18,141,12,057,FL,"Hillsborough County",11,23,479
18,141,29,189,MO,"St Louis County",11,16,573
18,141,18,087,IN,"Lagrange County",10,16,305
18,141,18,163,IN,"Vanderburgh County",10,23,515
18,141,26,025,MI,"Calhoun County",10,26,354
18,141,36,061,NY,"New York County",10,12,353
18,141,39,061,OH,"Hamilton County",10,16,689
18,141,47,037,TN,"Davidson County",10,14,454
18,141,48,453,TX,"Travis County",10,13,329
18,141,58,000,SS,"Other Flows - Same State",151,251,4953
18,141,59,000,DS,"Other Flows - Diff State",1388,2597,51232
18,141,59,001,DS,"Other Flows - Northeast",228,435,8729
18,141,59,003,DS,"Other Flows - Midwest",430,793,16114
18,141,59,005,DS,"Other Flows - South",548,1043,20458
18,141,59,007,DS,"Other Flows - West",182,326,5930
18,141,57,009,FR,"Foreign - Other flows",212,228,1768
18,143,96,000,IN,"Scott County Tot Mig-US & For",476,1018,13541
18,143,97,000,IN,"Scott County Tot Mig-US",476,1018,13541
18,143,97,001,IN,"Scott County Tot Mig-Same St",338,718,8737
18,143,97,003,IN,"Scott County Tot Mig-Diff St",138,300,4804
18,143,18,143,IN,"Scott County Non-Migrants",7954,17703,298990
18,143,18,019,IN,"Clark County",78,176,2148
18,143,18,071,IN,"Jackson County",68,139,1852
18,143,18,077,IN,"Jefferson County",61,133,1280
18,143,18,175,IN,"Washington County",35,69,978
18,143,21,111,KY,"Jefferson County",20,36,672
18,143,18,043,IN,"Floyd County",18,42,310
18,143,18,097,IN,"Marion County",10,20,212
18,143,58,000,SS,"Other Flows - Same State",68,139,1957
18,143,59,000,DS,"Other Flows - Diff State",118,264,4132
18,145,96,000,IN,"Shelby County Tot Mig-US & For",939,1839,30183
18,145,97,000,IN,"Shelby County Tot Mig-US",939,1839,30183
18,145,97,001,IN,"Shelby County Tot Mig-Same St",770,1530,25122
18,145,97,003,IN,"Shelby County Tot Mig-Diff St",169,309,5061
18,145,18,145,IN,"Shelby County Non-Migrants",14434,32516,652789
18,145,18,097,IN,"Marion County",212,404,7748
18,145,18,081,IN,"Johnson County",92,200,3089
18,145,18,139,IN,"Rush County",84,182,2007
18,145,18,059,IN,"Hancock County",76,168,2593
18,145,18,031,IN,"Decatur County",67,134,2063
18,145,18,005,IN,"Bartholomew County",38,74,1221
18,145,18,041,IN,"Fayette County",21,38,418
18,145,18,057,IN,"Hamilton County",14,29,535
18,145,18,095,IN,"Madison County",13,29,377
18,145,18,047,IN,"Franklin County",10,18,240
18,145,58,000,SS,"Other Flows - Same State",143,254,4830
18,145,59,000,DS,"Other Flows - Diff State",169,309,5061
18,147,96,000,IN,"Spencer County Tot Mig-US & For",404,870,13433
18,147,97,000,IN,"Spencer County Tot Mig-US",404,870,13433
18,147,97,001,IN,"Spencer County Tot Mig-Same St",274,580,9085
18,147,97,003,IN,"Spencer County Tot Mig-Diff St",130,290,4348
18,147,18,147,IN,"Spencer County Non-Migrants",6572,15426,291775
18,147,18,123,IN,"Perry County",76,150,2135
18,147,18,037,IN,"Dubois County",65,129,2465
18,147,18,173,IN,"Warrick County",46,110,1282
18,147,18,163,IN,"Vanderburgh County",41,83,1371
18,147,21,059,KY,"Daviess County",29,70,858
18,147,58,000,SS,"Other Flows - Same State",46,108,1831
18,147,59,000,DS,"Other Flows - Diff State",101,220,3489
18,149,96,000,IN,"Starke County Tot Mig-US & For",550,1229,16660
18,149,97,000,IN,"Starke County Tot Mig-US",550,1229,16660
18,149,97,001,IN,"Starke County Tot Mig-Same St",428,965,13349
18,149,97,003,IN,"Starke County Tot Mig-Diff St",122,264,3310
18,149,18,149,IN,"Starke County Non-Migrants",7676,17864,277147
18,149,18,099,IN,"Marshall County",95,206,2774
18,149,18,127,IN,"Porter County",63,127,2455
18,149,18,091,IN,"La Porte County",62,144,1936
18,149,18,131,IN,"Pulaski County",48,137,1188
18,149,18,089,IN,"Lake County",39,107,1321
18,149,18,141,IN,"St Joseph County",37,77,1455
18,149,17,031,IL,"Cook County",31,73,1087
18,149,18,073,IN,"Jasper County",13,29,332
18,149,18,049,IN,"Fulton County",12,31,246
18,149,58,000,SS,"Other Flows - Same State",59,107,1642
18,149,59,000,DS,"Other Flows - Diff State",91,191,2224
18,151,96,000,IN,"Steuben County Tot Mig-US & For",786,1570,31620
18,151,97,000,IN,"Steuben County Tot Mig-US",786,1570,31620
18,151,97,001,IN,"Steuben County Tot Mig-Same St",432,871,19767
18,151,97,003,IN,"Steuben County Tot Mig-Diff St",354,699,11853
18,151,18,151,IN,"Steuben County Non-Migrants",11542,25583,516905
18,151,18,033,IN,"De Kalb County",127,259,4954
18,151,18,003,IN,"Allen County",116,206,6975
18,151,26,023,MI,"Branch County",68,125,1665
18,151,18,087,IN,"Lagrange County",62,156,1954
18,151,18,113,IN,"Noble County",40,84,1198
18,151,39,171,OH,"Williams County",27,54,832
18,151,26,059,MI,"Hillsdale County",18,40,341
18,151,39,039,OH,"Defiance County",12,25,747
18,151,39,095,OH,"Lucas County",11,24,654
18,151,18,039,IN,"Elkhart County",10,15,879
18,151,58,000,SS,"Other Flows - Same State",77,151,3806
18,151,59,000,DS,"Other Flows - Diff State",218,431,7615
18,151,59,001,DS,"Other Flows - Northeast",14,23,723
18,151,59,003,DS,"Other Flows - Midwest",103,206,3528
18,151,59,005,DS,"Other Flows - South",76,158,2843
18,151,59,007,DS,"Other Flows - West",25,44,520
18,153,96,000,IN,"Sullivan County Tot Mig-US & For",421,877,10956
18,153,97,000,IN,"Sullivan County Tot Mig-US",421,877,10956
18,153,97,001,IN,"Sullivan County Tot Mig-Same St",339,701,8633
18,153,97,003,IN,"Sullivan County Tot Mig-Diff St",82,176,2323
18,153,18,153,IN,"Sullivan County Non-Migrants",6869,15595,261138
18,153,18,167,IN,"Vigo County",122,241,2903
18,153,18,055,IN,"Greene County",74,158,1606
18,153,18,097,IN,"Marion County",22,42,438
18,153,18,083,IN,"Knox County",20,49,634
18,153,18,021,IN,"Clay County",15,32,447
18,153,18,165,IN,"Vermillion County",11,22,368
18,153,58,000,SS,"Other Flows - Same State",75,157,2236
18,153,59,000,DS,"Other Flows - Diff State",82,176,2323
18,155,96,000,IN,"Switzerland Cou Tot Mig-US & For",276,551,7406
18,155,97,000,IN,"Switzerland Cou Tot Mig-US",276,551,7406
18,155,97,001,IN,"Switzerland Cou Tot Mig-Same St",162,325,4384
18,155,97,003,IN,"Switzerland Cou Tot Mig-Diff St",114,226,3022
18,155,18,155,IN,"Switzerland Cou Non-Migrants",2351,5291,86995
18,155,18,077,IN,"Jefferson County",43,77,1192
18,155,18,115,IN,"Ohio County",39,88,1113
18,155,18,029,IN,"Dearborn County",34,67,940
18,155,39,061,OH,"Hamilton County",24,54,712
18,155,58,000,SS,"Other Flows - Same State",46,93,1138
18,155,59,000,DS,"Other Flows - Diff State",90,172,2310
18,157,96,000,IN,"Tippecanoe Coun Tot Mig-US & For",4701,7624,135072
18,157,97,000,IN,"Tippecanoe Coun Tot Mig-US",4012,6843,130031
18,157,97,001,IN,"Tippecanoe Coun Tot Mig-Same St",2224,3744,64735
18,157,97,003,IN,"Tippecanoe Coun Tot Mig-Diff St",1788,3099,65296
18,157,98,000,IN,"Tippecanoe Coun Tot Mig-Foreign",689,781,5041
18,157,18,157,IN,"Tippecanoe Coun Non-Migrants",46432,99827,2317782
18,157,18,015,IN,"Carroll County",207,391,6291
18,157,18,097,IN,"Marion County",194,286,6340
18,157,18,023,IN,"Clinton County",170,332,5297
18,157,18,181,IN,"White County",155,302,5130
18,157,18,007,IN,"Benton County",148,281,4452
18,157,18,089,IN,"Lake County",108,168,2340
18,157,17,031,IL,"Cook County",104,193,3664
18,157,18,107,IN,"Montgomery County",101,182,2361
18,157,18,073,IN,"Jasper County",70,108,2064
18,157,18,045,IN,"Fountain County",65,118,1935
18,157,18,067,IN,"Howard County",58,95,1821
18,157,18,003,IN,"Allen County",57,88,1635
18,157,18,127,IN,"Porter County",55,87,1794
18,157,18,011,IN,"Boone County",54,99,1940
18,157,18,141,IN,"St Joseph County",53,81,1682
18,157,18,017,IN,"Cass County",44,67,1051
18,157,18,171,IN,"Warren County",42,82,1090
18,157,18,057,IN,"Hamilton County",40,62,1365
18,157,18,035,IN,"Delaware County",35,60,1206
18,157,18,105,IN,"Monroe County",34,47,969
18,157,04,013,AZ,"Maricopa County",31,57,1275
18,157,18,111,IN,"Newton County",31,53,709
18,157,18,063,IN,"Hendricks County",30,56,1302
18,157,18,039,IN,"Elkhart County",29,39,720
18,157,17,043,IL,"Du Page County",27,51,2059
18,157,18,131,IN,"Pulaski County",26,32,502
18,157,06,037,CA,"Los Angeles County",25,52,1046
18,157,18,167,IN,"Vigo County",25,42,936
18,157,18,095,IN,"Madison County",23,36,603
18,157,18,091,IN,"La Porte County",22,38,672
18,157,17,019,IL,"Champaign County",19,33,751
18,157,18,081,IN,"Johnson County",19,31,436
18,157,18,163,IN,"Vanderburgh County",19,24,559
18,157,18,085,IN,"Kosciusko County",18,20,337
18,157,18,053,IN,"Grant County",17,26,360
18,157,18,133,IN,"Putnam County",17,29,603
18,157,25,017,MA,"Middlesex County",17,28,822
18,157,27,053,MN,"Hennepin County",17,27,733
18,157,39,061,OH,"Hamilton County",17,24,543
18,157,06,073,CA,"San Diego County",16,31,458
18,157,26,161,MI,"Washtenaw County",16,30,561
18,157,39,049,OH,"Franklin County",16,22,825
18,157,06,085,CA,"Santa Clara County",15,28,1069
18,157,18,005,IN,"Bartholomew County",15,27,451
18,157,17,097,IL,"Lake County",14,29,530
18,157,17,197,IL,"Will County",14,32,642
18,157,18,083,IN,"Knox County",14,23,317
18,157,21,111,KY,"Jefferson County",14,23,528
18,157,12,095,FL,"Orange County",13,18,324
18,157,18,177,IN,"Wayne County",13,15,237
18,157,57,005,FR,"Foreign - APO/FPO ZIPs",13,30,315
18,157,18,059,IN,"Hancock County",12,17,458
18,157,26,081,MI,"Kent County",12,22,475
18,157,29,189,MO,"St Louis County",12,14,385
18,157,06,059,CA,"Orange County",11,19,631
18,157,18,069,IN,"Huntington County",11,20,290
18,157,18,099,IN,"Marshall County",11,14,290
18,157,39,017,OH,"Butler County",11,14,349
18,157,48,201,TX,"Harris County",11,23,693
18,157,49,049,UT,"Utah County",11,24,258
18,157,12,103,FL,"Pinellas County",10,14,285
18,157,17,115,IL,"Macon County",10,24,534
18,157,39,035,OH,"Cuyahoga County",10,11,215
18,157,42,003,PA,"Allegheny County",10,21,709
18,157,48,113,TX,"Dallas County",10,19,220
18,157,49,035,UT,"Salt Lake County",10,22,269
18,157,53,033,WA,"King County",10,15,375
18,157,58,000,SS,"Other Flows - Same State",182,266,4189
18,157,59,000,DS,"Other Flows - Diff State",1275,2179,44068
18,157,59,001,DS,"Other Flows - Northeast",166,294,6670
18,157,59,003,DS,"Other Flows - Midwest",418,671,15107
18,157,59,005,DS,"Other Flows - South",496,891,16223
18,157,59,007,DS,"Other Flows - West",195,323,6069
18,157,57,009,FR,"Foreign - Other flows",676,751,4726
18,159,96,000,IN,"Tipton County Tot Mig-US & For",399,831,14171
18,159,97,000,IN,"Tipton County Tot Mig-US",399,831,14171
18,159,97,001,IN,"Tipton County Tot Mig-Same St",339,712,11591
18,159,97,003,IN,"Tipton County Tot Mig-Diff St",60,119,2580
18,159,18,159,IN,"Tipton County Non-Migrants",5282,12164,253756
18,159,18,067,IN,"Howard County",108,233,4056
18,159,18,057,IN,"Hamilton County",79,170,2839
18,159,18,095,IN,"Madison County",49,106,1379
18,159,18,097,IN,"Marion County",26,49,679
18,159,18,023,IN,"Clinton County",10,23,531
18,159,58,000,SS,"Other Flows - Same State",67,131,2108
18,159,59,000,DS,"Other Flows - Diff State",60,119,2580
18,161,96,000,IN,"Union County Tot Mig-US & For",127,254,3030
18,161,97,000,IN,"Union County Tot Mig-US",127,254,3030
18,161,97,001,IN,"Union County Tot Mig-Same St",71,154,1882
18,161,97,003,IN,"Union County Tot Mig-Diff St",56,100,1148
18,161,18,161,IN,"Union County Non-Migrants",1538,3428,63330
18,161,18,177,IN,"Wayne County",30,66,699
18,161,39,017,OH,"Butler County",30,57,670
18,161,18,047,IN,"Franklin County",16,36,478
18,161,18,041,IN,"Fayette County",13,28,461
18,161,58,000,SS,"Other Flows - Same State",12,24,244
18,161,59,000,DS,"Other Flows - Diff State",26,43,477
18,163,96,000,IN,"Vanderburgh Cou Tot Mig-US & For",3795,6694,130879
18,163,97,000,IN,"Vanderburgh Cou Tot Mig-US",3752,6635,130094
18,163,97,001,IN,"Vanderburgh Cou Tot Mig-Same St",2046,3507,66820
18,163,97,003,IN,"Vanderburgh Cou Tot Mig-Diff St",1706,3128,63274
18,163,98,000,IN,"Vanderburgh Cou Tot Mig-Foreign",43,59,785
18,163,18,163,IN,"Vanderburgh Cou Non-Migrants",61966,128945,2905814
18,163,18,173,IN,"Warrick County",765,1420,28172
18,163,18,129,IN,"Posey County",393,662,12050
18,163,18,051,IN,"Gibson County",204,360,6896
18,163,21,101,KY,"Henderson County",194,348,5877
18,163,18,097,IN,"Marion County",87,129,2740
18,163,18,147,IN,"Spencer County",76,124,2198
18,163,18,037,IN,"Dubois County",74,109,1990
18,163,21,059,KY,"Daviess County",72,117,2638
18,163,18,083,IN,"Knox County",47,76,1386
18,163,21,111,KY,"Jefferson County",38,69,1572
18,163,17,031,IL,"Cook County",37,80,1613
18,163,21,107,KY,"Hopkins County",37,69,1032
18,163,18,027,IN,"Daviess County",35,56,1094
18,163,17,193,IL,"White County",32,44,1095
18,163,17,185,IL,"Wabash County",31,51,1089
18,163,18,167,IN,"Vigo County",29,39,876
18,163,18,123,IN,"Perry County",27,45,742
18,163,18,125,IN,"Pike County",26,44,507
18,163,21,225,KY,"Union County",24,41,598
18,163,18,105,IN,"Monroe County",23,34,545
18,163,04,013,AZ,"Maricopa County",17,36,382
18,163,18,089,IN,"Lake County",17,25,425
18,163,17,043,IL,"Du Page County",15,36,1705
18,163,18,157,IN,"Tippecanoe County",15,23,462
18,163,06,037,CA,"Los Angeles County",14,29,588
18,163,18,043,IN,"Floyd County",14,26,510
18,163,18,057,IN,"Hamilton County",14,22,421
18,163,06,073,CA,"San Diego County",13,29,481
18,163,21,067,KY,"Fayette County",13,28,1411
18,163,47,037,TN,"Davidson County",13,18,-379
18,163,12,103,FL,"Pinellas County",12,21,294
18,163,17,199,IL,"Williamson County",12,16,315
18,163,18,019,IN,"Clark County",12,16,382
18,163,32,003,NV,"Clark County",12,29,496
18,163,17,165,IL,"Saline County",11,13,307
18,163,21,233,KY,"Webster County",11,16,257
18,163,48,113,TX,"Dallas County",11,17,267
18,163,48,201,TX,"Harris County",11,21,328
18,163,17,163,IL,"St Clair County",10,15,207
18,163,26,163,MI,"Wayne County",10,18,519
18,163,58,000,SS,"Other Flows - Same State",188,297,5424
18,163,59,000,DS,"Other Flows - Diff State",1056,1967,40581
18,163,59,001,DS,"Other Flows - Northeast",105,193,5828
18,163,59,003,DS,"Other Flows - Midwest",354,704,14414
18,163,59,005,DS,"Other Flows - South",484,882,16808
18,163,59,007,DS,"Other Flows - West",113,188,3531
18,163,57,009,FR,"Foreign - Other flows",43,59,785
18,165,96,000,IN,"Vermillion Coun Tot Mig-US & For",430,877,14217
18,165,97,000,IN,"Vermillion Coun Tot Mig-US",417,855,13174
18,165,97,001,IN,"Vermillion Coun Tot Mig-Same St",271,550,7518
18,165,97,003,IN,"Vermillion Coun Tot Mig-Diff St",146,305,5655
18,165,98,000,IN,"Vermillion Coun Tot Mig-Foreign",13,22,1044
18,165,18,165,IN,"Vermillion Coun Non-Migrants",5860,13212,239318
18,165,18,167,IN,"Vigo County",114,219,3135
18,165,18,121,IN,"Parke County",60,127,1423
18,165,18,045,IN,"Fountain County",26,56,724
18,165,17,183,IL,"Vermilion County",24,54,738
18,165,18,021,IN,"Clay County",13,32,276
18,165,17,045,IL,"Edgar County",12,29,263
18,165,18,097,IN,"Marion County",12,13,201
18,165,58,000,SS,"Other Flows - Same State",46,103,1759
18,165,59,000,DS,"Other Flows - Diff State",110,222,4655
18,165,57,009,FR,"Foreign - Other flows",13,22,1044
18,167,96,000,IN,"Vigo County Tot Mig-US & For",2060,3689,59914
18,167,97,000,IN,"Vigo County Tot Mig-US",1990,3607,59506
18,167,97,001,IN,"Vigo County Tot Mig-Same St",1102,1916,28485
18,167,97,003,IN,"Vigo County Tot Mig-Diff St",888,1691,31022
18,167,98,000,IN,"Vigo County Tot Mig-Foreign",70,82,407
18,167,18,167,IN,"Vigo County Non-Migrants",34710,74578,1478062
18,167,18,021,IN,"Clay County",207,376,5456
18,167,18,165,IN,"Vermillion County",114,216,3172
18,167,18,097,IN,"Marion County",113,202,2907
18,167,18,121,IN,"Parke County",98,160,1671
18,167,18,153,IN,"Sullivan County",98,188,2744
18,167,17,023,IL,"Clark County",55,84,1297
18,167,17,045,IL,"Edgar County",35,64,913
18,167,18,133,IN,"Putnam County",33,56,1181
18,167,17,031,IL,"Cook County",31,60,939
18,167,18,163,IN,"Vanderburgh County",31,43,689
18,167,18,055,IN,"Greene County",27,47,691
18,167,18,089,IN,"Lake County",26,40,628
18,167,18,105,IN,"Monroe County",26,39,627
18,167,18,083,IN,"Knox County",24,36,826
18,167,18,063,IN,"Hendricks County",21,45,1057
18,167,18,157,IN,"Tippecanoe County",21,39,587
18,167,17,033,IL,"Crawford County",20,29,433
18,167,17,183,IL,"Vermilion County",18,37,478
18,167,18,057,IN,"Hamilton County",17,33,525
18,167,18,003,IN,"Allen County",15,24,274
18,167,18,119,IN,"Owen County",13,20,135
18,167,18,141,IN,"St Joseph County",13,18,454
18,167,06,073,CA,"San Diego County",12,27,271
18,167,18,081,IN,"Johnson County",11,17,251
18,167,18,093,IN,"Lawrence County",11,15,179
18,167,18,005,IN,"Bartholomew County",10,22,287
18,167,18,173,IN,"Warrick County",10,20,423
18,167,58,000,SS,"Other Flows - Same State",163,260,3719
18,167,59,000,DS,"Other Flows - Diff State",717,1390,26691
18,167,59,001,DS,"Other Flows - Northeast",70,124,2923
18,167,59,003,DS,"Other Flows - Midwest",224,441,9002
18,167,59,005,DS,"Other Flows - South",321,616,10762
18,167,59,007,DS,"Other Flows - West",102,209,4005
18,167,57,009,FR,"Foreign - Other flows",70,82,407
18,169,96,000,IN,"Wabash County Tot Mig-US & For",551,1089,16087
18,169,97,000,IN,"Wabash County Tot Mig-US",537,1068,15942
18,169,97,001,IN,"Wabash County Tot Mig-Same St",413,819,12173
18,169,97,003,IN,"Wabash County Tot Mig-Diff St",124,249,3770
18,169,98,000,IN,"Wabash County Tot Mig-Foreign",14,21,144
18,169,18,169,IN,"Wabash County Non-Migrants",11944,26557,506522
18,169,18,085,IN,"Kosciusko County",90,170,2457
18,169,18,069,IN,"Huntington County",57,130,1583
18,169,18,103,IN,"Miami County",49,96,1153
18,169,18,053,IN,"Grant County",45,101,2138
18,169,18,003,IN,"Allen County",36,74,1115
18,169,18,049,IN,"Fulton County",17,43,558
18,169,18,067,IN,"Howard County",14,20,385
18,169,18,183,IN,"Whitley County",12,16,336
18,169,58,000,SS,"Other Flows - Same State",93,169,2447
18,169,59,000,DS,"Other Flows - Diff State",124,249,3770
18,169,59,001,DS,"Other Flows - Northeast",12,27,276
18,169,59,003,DS,"Other Flows - Midwest",44,86,1613
18,169,59,005,DS,"Other Flows - South",55,114,1432
18,169,59,007,DS,"Other Flows - West",13,22,449
18,169,57,009,FR,"Foreign - Other flows",14,21,144
18,171,96,000,IN,"Warren County Tot Mig-US & For",201,443,6422
18,171,97,000,IN,"Warren County Tot Mig-US",201,443,6422
18,171,97,001,IN,"Warren County Tot Mig-Same St",149,329,4476
18,171,97,003,IN,"Warren County Tot Mig-Diff St",52,114,1946
18,171,18,171,IN,"Warren County Non-Migrants",2694,6324,110490
18,171,18,045,IN,"Fountain County",60,139,1539
18,171,18,157,IN,"Tippecanoe County",35,85,1225
18,171,17,183,IL,"Vermilion County",20,50,757
18,171,18,007,IN,"Benton County",20,36,514
18,171,58,000,SS,"Other Flows - Same State",34,69,1199
18,171,59,000,DS,"Other Flows - Diff State",32,64,1189
18,173,96,000,IN,"Warrick County Tot Mig-US & For",1659,3596,97533
18,173,97,000,IN,"Warrick County Tot Mig-US",1659,3596,97533
18,173,97,001,IN,"Warrick County Tot Mig-Same St",1184,2423,66787
18,173,97,003,IN,"Warrick County Tot Mig-Diff St",475,1173,30747
18,173,18,173,IN,"Warrick County Non-Migrants",18379,44095,1116638
18,173,18,163,IN,"Vanderburgh County",893,1828,55284
18,173,18,051,IN,"Gibson County",57,114,2470
18,173,18,147,IN,"Spencer County",45,91,1191
18,173,18,129,IN,"Posey County",38,75,1542
18,173,21,101,KY,"Henderson County",28,63,1639
18,173,18,037,IN,"Dubois County",23,45,1071
18,173,18,097,IN,"Marion County",20,35,795
18,173,21,059,KY,"Daviess County",18,42,929
18,173,58,000,SS,"Other Flows - Same State",108,235,4434
18,173,59,000,DS,"Other Flows - Diff State",429,1068,28179
18,173,59,001,DS,"Other Flows - Northeast",29,85,2059
18,173,59,003,DS,"Other Flows - Midwest",158,398,11959
18,173,59,005,DS,"Other Flows - South",180,448,10564
18,173,59,007,DS,"Other Flows - West",62,137,3596
18,175,96,000,IN,"Washington Coun Tot Mig-US & For",552,1136,15674
18,175,97,000,IN,"Washington Coun Tot Mig-US",552,1136,15674
18,175,97,001,IN,"Washington Coun Tot Mig-Same St",388,797,10239
18,175,97,003,IN,"Washington Coun Tot Mig-Diff St",164,339,5435
18,175,18,175,IN,"Washington Coun Non-Migrants",9338,21186,345380
18,175,18,019,IN,"Clark County",104,216,2771
18,175,18,043,IN,"Floyd County",69,138,2206
18,175,21,111,KY,"Jefferson County",42,78,1417
18,175,18,061,IN,"Harrison County",38,84,724
18,175,18,143,IN,"Scott County",36,81,1048
18,175,18,117,IN,"Orange County",33,73,832
18,175,18,071,IN,"Jackson County",20,41,476
18,175,18,093,IN,"Lawrence County",11,22,437
18,175,58,000,SS,"Other Flows - Same State",77,142,1745
18,175,59,000,DS,"Other Flows - Diff State",122,261,4018
18,177,96,000,IN,"Wayne County Tot Mig-US & For",1109,2110,33228
18,177,97,000,IN,"Wayne County Tot Mig-US",1076,2072,32954
18,177,97,001,IN,"Wayne County Tot Mig-Same St",533,1043,16526
18,177,97,003,IN,"Wayne County Tot Mig-Diff St",543,1029,16428
18,177,98,000,IN,"Wayne County Tot Mig-Foreign",33,38,274
18,177,18,177,IN,"Wayne County Non-Migrants",24987,53604,999629
18,177,18,135,IN,"Randolph County",90,167,2595
18,177,39,135,OH,"Preble County",85,158,2337
18,177,18,041,IN,"Fayette County",84,176,2377
18,177,18,065,IN,"Henry County",66,143,2090
18,177,18,097,IN,"Marion County",50,86,1477
18,177,18,047,IN,"Franklin County",34,71,957
18,177,18,161,IN,"Union County",24,46,599
18,177,18,035,IN,"Delaware County",21,44,695
18,177,39,037,OH,"Darke County",21,45,671
18,177,39,113,OH,"Montgomery County",17,36,538
18,177,39,061,OH,"Hamilton County",13,14,284
18,177,18,003,IN,"Allen County",12,23,384
18,177,39,017,OH,"Butler County",12,20,244
18,177,18,057,IN,"Hamilton County",11,21,524
18,177,58,000,SS,"Other Flows - Same State",141,266,4828
18,177,59,000,DS,"Other Flows - Diff State",395,756,12352
18,177,59,001,DS,"Other Flows - Northeast",32,63,869
18,177,59,003,DS,"Other Flows - Midwest",145,280,5593
18,177,59,005,DS,"Other Flows - South",159,315,4370
18,177,59,007,DS,"Other Flows - West",59,98,1521
18,177,57,009,FR,"Foreign - Other flows",33,38,274
18,179,96,000,IN,"Wells County Tot Mig-US & For",571,1134,18232
18,179,97,000,IN,"Wells County Tot Mig-US",571,1134,18232
18,179,97,001,IN,"Wells County Tot Mig-Same St",440,897,14270
18,179,97,003,IN,"Wells County Tot Mig-Diff St",131,237,3962
18,179,18,179,IN,"Wells County Non-Migrants",9622,22089,426065
18,179,18,003,IN,"Allen County",157,332,6049
18,179,18,001,IN,"Adams County",78,156,2099
18,179,18,069,IN,"Huntington County",66,138,1800
18,179,18,009,IN,"Blackford County",34,58,722
18,179,18,075,IN,"Jay County",21,39,474
18,179,18,053,IN,"Grant County",10,21,334
18,179,58,000,SS,"Other Flows - Same State",74,153,2793
18,179,59,000,DS,"Other Flows - Diff State",131,237,3962
18,179,59,001,DS,"Other Flows - Northeast",12,18,295
18,179,59,003,DS,"Other Flows - Midwest",52,91,1539
18,179,59,005,DS,"Other Flows - South",54,104,1650
18,179,59,007,DS,"Other Flows - West",13,24,479
18,181,96,000,IN,"White County Tot Mig-US & For",523,1077,15489
18,181,97,000,IN,"White County Tot Mig-US",523,1077,15489
18,181,97,001,IN,"White County Tot Mig-Same St",397,811,11406
18,181,97,003,IN,"White County Tot Mig-Diff St",126,266,4084
18,181,18,181,IN,"White County Non-Migrants",7864,17928,314758
18,181,18,157,IN,"Tippecanoe County",114,255,3101
18,181,18,015,IN,"Carroll County",69,128,1750
18,181,18,073,IN,"Jasper County",43,111,1307
18,181,18,017,IN,"Cass County",35,68,1047
18,181,18,131,IN,"Pulaski County",22,44,511
18,181,18,097,IN,"Marion County",18,31,426
18,181,17,031,IL,"Cook County",17,38,901
18,181,18,089,IN,"Lake County",16,26,493
18,181,58,000,SS,"Other Flows - Same State",80,148,2769
18,181,59,000,DS,"Other Flows - Diff State",109,228,3183
18,181,59,001,DS,"Other Flows - Northeast",10,13,265
18,181,59,003,DS,"Other Flows - Midwest",45,97,1380
18,181,59,005,DS,"Other Flows - South",37,83,1100
18,181,59,007,DS,"Other Flows - West",17,35,438
18,183,96,000,IN,"Whitley County Tot Mig-US & For",736,1400,27486
18,183,97,000,IN,"Whitley County Tot Mig-US",736,1400,27486
18,183,97,001,IN,"Whitley County Tot Mig-Same St",600,1141,22268
18,183,97,003,IN,"Whitley County Tot Mig-Diff St",136,259,5218
18,183,18,183,IN,"Whitley County Non-Migrants",11771,27080,547672
18,183,18,003,IN,"Allen County",285,562,11869
18,183,18,085,IN,"Kosciusko County",103,193,3823
18,183,18,113,IN,"Noble County",62,118,2083
18,183,18,069,IN,"Huntington County",29,56,1012
18,183,18,033,IN,"De Kalb County",16,25,317
18,183,58,000,SS,"Other Flows - Same State",105,187,3163
18,183,59,000,DS,"Other Flows - Diff State",136,259,5218
